0.11500757232130948
0.11577193458641792
0.11786359592389727
0.12073133424361676
0.12361932706679346
0.12576626458539988
0.12660595361335983
0.1259165816961301
0.12387931165090724
0.12103073532034597
0.11812165686700661
0.11591934901365396
0.11500533480607689
0.11562196239849326
0.1176082313665159
0.12044185654071521
0.12337658879728891
0.12563870959402282
0.12663098898342864
0.12609037030979603
0.12415776870668578
0.12134147059952363
0.11838362972447179
0.11606490297650172
0.11499862473194764
0.11546875890430243
0.11735442306765619
0.1201610381672447
0.12315009044757909
0.1255334831000444
0.12668136020592022
0.1262886273528999
0.12445616452614246
0.12166512117015543
0.11865082575527768
0.11620932944203614
0.11498745023171389
0.11531166429428524
0.1171010891691834
0.11988774337648012
0.12293903185123382
0.12545042374526105
0.12675767720669678
0.12651265777549775
0.12477623346811864
0.12200346768052525
0.1189246762030858
0.11635341131695297
0.11497182731870378
0.1151500240942832
0.11684719163054702
0.1196209506872682
0.12274281204122871
0.12538964726139537
0.12686087776890606
0.12676410462936186
0.12512001460053482
0.12235852664292304
0.11920676146415492
0.11649799869081325
0.11495178381067464
0.11498318222789242
0.11659172413141515
0.11935974304574885
0.12256102876870571
0.1253515601322292
0.12699225642525416
0.12704499019194238
0.12548989871790886
0.12273259536097632
0.11949884648728173
0.11664402990946592
0.11492736532237427
0.11481047553305684
0.11633370218493637
0.11910330219665084
0.12239348501356637
0.12533688313168304
0.12715350548014573
0.1273577702527165
0.12588868804382072
0.12312830765640415
0.11980292415984597
0.11679255763924748
0.11489864389488996
0.11463122988771474
0.11607215551736068
0.11885090758752914
0.12224020339665735
0.12534668641395363
0.12734677058968782
0.12770540452950202
0.12631967176685543
0.12354870331434914
0.12012126902044065
0.11694478149578015
0.11486573010181743
0.11444475830500522
0.11580612300950248
0.11860194050293225
0.12210144998328987
0.12538243864252013
0.12757472433623313
0.1280914473051681
0.12678672168108684
0.12399731517288329
0.12045650444344859
0.117102089384409
0.11482878985031601
0.11425036163808525
0.11553465081061132
0.11835589461298279
0.12197776973070844
0.12544607372218702
0.12784066258761906
0.128520163895347
0.12729441373483139
0.12447827916859022
0.1208116875607297
0.11726611050630194
0.11478806763371534
0.11404733293306553
0.11525679467519158
0.11811239479106715
0.12187003687686684
0.12554008017627422
0.1281486302944679
0.12899668065965975
0.12784818342179174
0.12499647458961521
0.12119041776577456
0.11743878413721008
0.11474391877528374
0.11383496705549333
0.11497162821415861
0.11787122701168
0.12177952504259025
0.12566762028895756
0.12850358599777414
0.12952717922833437
0.1284545259579194
0.12555770454117388
0.12159697690720846
0.11762244995763287
0.11469685436134472
0.11361257810164718
0.11467825971295269
0.11763238354308525
0.12170800395103021
0.1258326891152015
0.12891161806772072
0.13011914985232376
0.1291212565038717
0.1261689305953857
0.12203651256141246
0.11781996817218987
0.11464760430310948
0.11337952846743204
0.11437586164321088
0.11739612975596832
0.12165787281480013
0.12604032782302493
0.12938023115578506
0.1307817249504809
0.1298578519840889
0.12683858140167853
0.1225152806137365
0.11803488133016357
0.11459720662560888
0.11313527557540264
0.11406371929660629
0.11716310209330985
0.12163234517423065
0.1262969123301669
0.1299187294373236
0.13152612305303377
0.1306759053756418
0.12757696366732013
0.12304097063096701
0.11827163534120981
0.11454713521180357
0.11287944564122343
0.11374130862925133
0.11693445177632501
0.12163570722775079
0.12661054805745317
0.13053873544265415
0.1323662470928522
0.13158973740121346
0.1283968169894595
0.1236231485747986
0.11853588581590244
0.1144994847589187
0.1126119493251209
0.11340841932728132
0.11671205681967234
0.12167368304478057
0.1269916168795895
0.13125490208370666
0.13331950212145596
0.13261723218078472
0.12931407419733693
0.12427386862481646
0.11883492948642137
0.11445724222979402
0.11233316311155725
0.1130653488720507
0.11649883791162041
0.12175395817719355
0.12745354646927723
0.13208590504571507
0.13440793066491416
0.13378099734382704
0.13034892067409057
0.12500853324965416
0.11917832243235356
0.1144246914172831
0.1120442153824545
0.11271320983181418
0.11629923525798015
0.12188694280042213
0.12801391122633732
0.13305585025331132
0.1356598171215701
0.13511000364846276
0.13152729745969374
0.12584712520967323
0.11957878311502645
0.11440802647136336
0.11174744214932006
0.11235442094994025
0.11611994011609804
0.12208690512729413
0.12869603865190915
0.13419630952464662
0.13711200015678204
0.13664194905522276
0.1328830779312903
0.12681600959078573
0.12005353973540892
0.11441630084091724
0.1114471232667885
0.11199350271435778
0.11597103872035709
0.12237369128390568
0.12953140530935067
0.13554933051051057
0.13881328028993914
0.13842674464112964
0.13446129268566204
0.12795063196173362
0.1206263888454056
0.1144629282831744
0.11115069318269617
0.1116383893065041
0.11586784145966855
0.12277539961748779
0.13056330054205234
0.1371719997538413
0.14082956889471826
0.14053178656140192
0.1363230321008994
0.12929966620067315
0.1213309260256516
0.11456811877914971
0.11087077634456584
0.11130264039337934
0.11583388462661211
0.12333265656193071
0.1318525896988072
0.1391435596752626
0.14325189381575512
0.1430501623556604
0.138553121107483
0.13093158493764567
0.12221577273761985
0.11476295004240251
0.1106287010583365
0.11100927124730806
0.11590600715780003
0.12410567526586588
0.1334870791598094
0.14157687668025046
0.14620926095329181
0.14611385477103692
0.14127254518854276
0.1329454321210792
0.12335333386620208
0.11509640982094213
0.11046076222687078
0.11079760271273524
0.1161432446078229
0.12518634721056088
0.1355973165498072
0.14463763144143355
0.14989011720629844
0.1499158183643121
0.14465937087790537
0.13548920529666517
0.1248550796339801
0.11564807505584526
0.1104298189713828
0.11073599661012284
0.11664307114130294
0.12671987170600252
0.1383844455036202
0.14857788333274075
0.15457979924976356
0.15474859458195145
0.14898562353298445
0.13879273217735624
0.1268995194341442
0.11655205149767689
0.11064778762564151
0.11094667057656563
0.11757256557512898
0.12894548417467402
0.1421719390923996
0.15379794346304743
0.1607294338496655
0.16107558601635544
0.1546859564114434
0.14322986296209422
0.1297864227218375
0.1180448361208579
0.11132179687947572
0.11165690289982715
0.1192319066089858
0.13227804105279375
0.14750791685813325
0.16096791275226438
0.1690911153463715
0.1696714795687041
0.16249432173961667
0.14944442574984934
0.13404949848789582
0.12056796092403828
0.11285575430649836
0.1133124887402943
0.12219365421362481
0.13748436901470842
0.1553837996669354
0.1712859012083469
0.18100506248871923
0.1819222211335157
0.173739450167919
0.15862792568757206
0.14071182780415012
0.125008370905572
0.11609453663713523
0.11685290509401039
0.12763819708940943
0.14610290142924384
0.16774968203761248
0.1870840455840492
0.19907457463025285
0.2005355242335694
0.1910549955289288
0.17320222666076612
0.15193340515924125
0.1333292673649146
0.12298297109972206
0.12446246157669348
0.13826657484051144
0.16157587672757504
0.1888954930579724
0.2134496755522236
0.22897923712611962
0.23147049804683797
0.22034425583696746
0.19876031562468985
0.17291815726462653
0.15050080178733596
0.1386469279782319
0.1419806253979716
0.16123608818654397
0.19287801737790866
0.22986779268191773
0.2634227540643093
0.28534003806142644
0.2902826017401978
0.2774048269551235
0.25084137199110396
0.21886489337488332
0.19186739551663143
0.17964644776605676
0.18869290740999023
0.22021752471067513
0.2694992108125866
0.32681774313879985
0.37982360104328977
0.4168009009597765
0.4300020283713384
0.41815554804577953
0.38740579433206546
0.3503076926602188
0.32299246018425054
0.3211192543623476
0.3556051114961915
0.42927381103674694
0.5354279922686053
0.6589407709498574
0.7798655710292841
0.8789114330491709
0.9435840562981651
0.9734938152659642
0.9833736274400493
1.0027481083158223
1.0718824971508654
1.234473917410264
1.52834387866339
1.9759628059384815
2.5768397273399097
3.3035752566380037
4.102732076046184
4.900746150460584
5.614074902227469
6.161874721142906
6.478918350541918
6.526336482279806
6.298134577158685
5.8222265782724705
5.155780572262271
4.375768729930594
3.5665263119772
2.806663627544545
2.1577332492986234
1.656629128299084
1.3128845150402142
1.1110216504191288
1.0171068731753847
0.9878890809720983
0.9805009716239317
0.9607473375389218
0.9084600279222563
0.8191441219766413
0.7019958350508031
0.57514587702915
0.4595074599425369
0.3727857015492114
0.32501885096788796
0.316539228975363
0.33859436653666874
0.3762178023597191
0.4124364326317252
0.43265500582007727
0.4281089617457334
0.3975919140872693
0.34714999492955717
0.28796292601498885
0.23306959289378937
0.19384220968810842
0.17711879550226045
0.18368153410565108
0.20838710409602793
0.24181849746652506
0.27294861684462296
0.2920763183450231
0.29326563422636864
0.27568607766218944
0.24356406537285982
0.2048263094896929
0.16884839530570012
0.14393272093315754
0.13518114061177572
0.1432960083555541
0.16458008206996452
0.19208405734988454
0.21755545986464875
0.23364908316226146
0.23581294480282688
0.22337101940567697
0.19955120764083245
0.17049087021775303
0.14351723862843796
0.12517814576263295
0.11954669328398108
0.12723371693644092
0.14534226214577012
0.16834433573810562
0.1896198127473586
0.2032326884006684
0.2054713563240303
0.1957562556379653
0.17669619151412028
0.15330436254073007
0.13160507784695138
0.11701513385354882
0.11293179496728024
0.11989274282431343
0.1355128806249005
0.15519313048889688
0.17339363555029602
0.18512101190491648
0.1872323212629147
0.17921705762857815
0.16326454295349133
0.14361712171733002
0.1253975725479283
0.11323294880458885
0.11004279475625371
0.11630747338244773
0.12999825970508286
0.14717210315320484
0.16305861765100504
0.1733409886978877
0.1752881017515254
0.16844214892524573
0.15468986110242858
0.1377120057418168
0.12197008241306005
0.11150797693190236
0.10888933505180391
0.114548840910697
0.12672044366763088
0.14194974035294664
0.15604314813875023
0.16519396230299666
0.16698377244532706
0.1609965939015093
0.14889062395834027
0.13391901560014546
0.12003702705882788
0.1108397884632891
0.10861520779792658
0.11376080293793467
0.12471233895050862
0.13839394028036478
0.15106106334638822
0.15930593900354975
0.16095610877804278
0.15562970072105423
0.1448061316401938
0.13140175963405634
0.11897139796628249
0.11075374220829452
0.10881650725199044
0.11352640832064072
0.12347929693687076
0.1359015378771518
0.14740855415159776
0.15491355203332174
0.15644287697826129
0.1516430454047137
0.14184964899694275
0.12970658773189517
0.11844359335214655
0.11100905123412749
0.10929056404203485
0.11362893299379304
0.12275028847708987
0.1341282528908572
0.14467366939129184
0.15156393960689554
0.1529896470960242
0.14862128691313925
0.13967605510011682
0.12857256918909976
0.11827101646246277
0.11147843774411974
0.10993220619885281
0.11395106989601479
0.1223694619903474
0.13286738031208875
0.14260285710418352
0.14897486379601654
0.1503121065280855
0.14630555150495134
0.1380730122610764
0.1278433817467076
0.11834936210184256
0.11209390299784065
0.11068703542032206
0.11442858723809743
0.12224468710093325
0.13199054381524541
0.1410344345468979
0.1469641009703843
0.1482261430922408
0.14452912531043285
0.1369060025929826
0.12742334494608884
0.1186189379283992
0.11282062132906774
0.11152901477109234
0.11502763724802155
0.12232152116120086
0.1314168499647484
0.13986326958304937
0.1454115328718843
0.146610131258319
0.14318280674727965
0.13608893345881368
0.12725425320528544
0.11904731692518603
0.11364382232450551
0.11244930046900083
0.1157331977290969
0.12256945750364588
0.1310960880728046
0.13902115962561032
0.1442378596438847
0.14538367972890415
0.14219544168252268
0.13556779781099831
0.12730275928287485
0.11962019459997039
0.1145621452960287
0.11345069007110092
0.1165431720371388
0.12297456730215503
0.13099939362641752
0.1384656722664422
0.14339235448201265
0.14449537977894222
0.14152277805407418
0.1353114844339842
0.12755351951591284
0.12033670863827788
0.115584508121838
0.11454514162209303
0.11746563517127567
0.12353576348304735
0.13111420218826755
0.13817389948119677
0.14284590588724988
0.14391584604323987
0.1411412361526478
0.13530683497872442
0.1280057850078812
0.12120745527551284
0.11672913290391514
0.11575321215219342
0.11851807366415139
0.12426337469180704
0.13144194594567407
0.13813935918936138
0.14258745972022796
0.14363418325800448
0.14104489620419736
0.13555652897277487
0.12867234878529624
0.12225442013351549
0.11802417307097968
0.11710497169084216
0.11972816916884566
0.1251794826930067
0.1319978074873337
0.1383712320002653
0.14262298033569457
0.14365701462847436
0.14124494231896145
0.13607920514887656
0.12958045551716213
0.12351261551425197
0.11950987099656814
0.1186423902464921
0.12113612173604957
0.12631996482799487
0.13281239437671716
0.1388957279821288
0.1429766941683073
0.14400985699469326
0.1417714238510755
0.13691179662470135
0.1307747853059706
0.1250336610931335
0.12124257808458112
0.12042358202645306
0.12279890661635806
0.12773861349131052
0.13393567217448182
0.1397598955472429
0.1436949287184653
0.14474119275326905
0.14267775706028243
0.13811460220282065
0.13232314402590054
0.12689204433074186
0.12330145706132882
0.12252978231922791
0.12479736900892306
0.12951424808493162
0.13544407813406237
0.1410388119238306
0.14485352596211049
0.14593028529570495
0.14404910840188212
0.13978034865691952
0.1343262356996088
0.12919555135633828
0.1257994576285608
0.12507672978612128
0.1272478948942294
0.1317626151231374
0.13745267263051805
0.14284808933304008
0.14657086573530198
0.14770090259744714
0.14601697789417295
0.14204973285910763
0.13693418184511727
0.13210270454411951
0.12890156134009065
0.12823359691564407
0.13032194006980685
0.13465650079689798
0.14013591044555096
0.14536546424921565
0.14903048676824623
0.1502451932239175
0.14878451425172454
0.14513828306037427
0.14037494226785138
0.13585267315350985
0.13285606534100225
0.13225553525387934
0.13427978491314896
0.13846074445918907
0.14376407945350203
0.1488689300179171
0.15252124069515097
0.1538661867953313
0.1526716222353144
0.14938422336550486
0.1450049619999653
0.14081862565857467
0.13805051653119058
0.13754209728332556
0.13953145517045917
0.14359582924781752
0.14876990781450264
0.15380685367681138
0.15751148796855852
0.15905662157667533
0.1581988660023986
0.15533772513823751
0.15140385713218016
0.1476077941579256
0.14511705104316677
0.14474782321528337
0.14675272422471453
0.15075974674619158
0.1558770357030555
0.16093404156873967
0.16479386558852518
0.16665348717715103
0.16625267364843607
0.16393737463822552
0.1605624473808395
0.15726116036897003
0.15514378189906394
0.15500555938819582
0.15712098458812157
0.1611775807635955
0.16636503521394494
0.17159437713537276
0.17578795912575887
0.17816309538019454
0.17843484848361957
0.17688567071510106
0.17428528141549635
0.1716837259851611
0.17013355427712235
0.17041489767858764
0.1728354478293853
0.17715670261671101
0.1826640469174154
0.18836034232666182
0.19323070639183282
0.19650835112892828
0.1978721507346587
0.19752549808983888
0.19613774378529455
0.19466558167281253
0.19410266790425323
0.1952235760294289
0.1983885114557124
0.20345829127485346
0.20983967620912117
0.2166471042483998
0.22293713020792782
0.22795401795115686
0.23132330441044482
0.2331448000145803
0.23396325254416545
0.234626611621398
0.2360702403953633
0.23908335742991943
0.24411717151010237
0.25118220824270326
0.2598587017941028
0.2694149669004943
0.2790018374498119
0.2878732156530266
0.2955777186417155
0.30207512008777393
0.30775108348712815
0.3133292604325758
0.3197046923507149
0.3277406098020305
0.33807811294817036
0.3510036021643485
0.36640391068038675
0.3838179020999431
0.40257106177511015
0.4219614294148917
0.44145488539216804
0.46084706268453957
0.4803575311367928
0.5006370421763552
0.5226870438960793
0.5477086225739667
0.5769122401179804
0.6113278620168006
0.651656232833311
0.6981961720469868
0.7508707018800185
0.8093580629746671
0.873314169919084
0.9426531773606703
1.0178353618523328
1.1000996012166093
1.191574514409487
1.2952104463684506
1.4144952829401143
1.5529498020353347
1.7134394853515174
1.897383283230424
2.1039775137441334
2.329575940976392
2.5673673637351646
2.80746525391693
3.03747056672581
3.243495040800921
3.4115497272391417
3.5291273643254493
3.5867535305332257
3.5792635516988147
3.5065872556708233
3.373891000938662
3.1910262650942585
2.9713492605256264
2.730084956735894
2.4824899052647043
2.2421043840944974
2.0193671362257684
1.8207976455247832
1.6488443984383874
1.5023740314274014
1.3776605720784758
1.2696495126434473
1.1732349155913047
1.084305495011538
1.0003822463922687
0.9207698144949348
0.8462536474009541
0.7784706885280771
0.7191424138398287
0.6693734344166882
0.6291857260099637
0.5973878933695919
0.5717891604306946
0.5496812078283672
0.5284481577301197
0.5061400395070579
0.4818623621749939
0.45588789242250816
0.4294716285223854
0.4044267137370763
0.38257827659357146
0.3652395506346407
0.3528442043762718
0.3448244158577609
0.3397581783841786
0.33573912724415805
0.33086594289947263
0.32372020625373454
0.31370801793719383
0.3011792602474546
0.2872983716689807
0.2737059148295705
0.26206397459806224
0.2536068082853871
0.24881431322654268
0.24729140779146694
0.24788089876186709
0.2489757010280685
0.24894461057426256
0.24655754341541022
0.24129825422800383
0.2334839963364333
0.22416367429361614
0.2148247914615619
0.20698938639495765
0.2018072075566651
0.1997535323092824
0.20050991641638838
0.20305681118674632
0.20595066922726507
0.2077098035880227
0.2072055143522028
0.20395491459616572
0.19823916027844132
0.19101789229421606
0.1836649641547552
0.17759753806256268
0.17389804290085298
0.1730292678749459
0.17471709550991169
0.17803015591089227
0.18163318074396337
0.18414502440117883
0.18450526609904255
0.18225199217556284
0.17763788177876172
0.1715553354236838
0.16529235214434893
0.16018559379615388
0.15726376552011836
0.1569761692915424
0.15907781402450674
0.1627002401479207
0.1665876097606509
0.16943386058164414
0.17023039512830862
0.16853172690540472
0.16456908127998096
0.15918295424122544
0.15359402319921914
0.14907465858610053
0.14660925124041507
0.14663387106947853
0.1489239724293551
0.15265893819484183
0.15664496161390754
0.15963574005583453
0.16066484405551912
0.1593011295080514
0.15575968364797316
0.15083975018530338
0.14570737181237614
0.1415817421143929
0.1394095202988391
0.13961400814578268
0.14198556214670735
0.1457415334792473
0.14973865304123238
0.15278024584172673
0.1539357402293578
0.15278717711268272
0.14953742172350168
0.14495206582331657
0.14015153667650937
0.13630978481196646
0.1343405058736975
0.13465469698670848
0.13705382311866005
0.14078631090998125
0.1447513454119339
0.14779472845101838
0.1490173025167334
0.14801353854999424
0.1449769865598052
0.1406451767836095
0.13609956739709933
0.13247474629959866
0.1306550278839871
0.1310395312825112
0.1334381092595266
0.13712522697826057
0.14103656922267369
0.1440551182973273
0.1453098260041136
0.1444070345144554
0.14153317059144627
0.13740193271977885
0.13306086436775982
0.12960969469477915
0.12790613897976408
0.1283378282122987
0.13072098442316366
0.13435229936302703
0.13819941133911734
0.1411784109790798
0.1424437971014491
0.1416133303613282
0.1388679954951386
0.13490094008564135
0.1307297419662826
0.1274228193112517
0.12581351194680698
0.12627832182679433
0.12863830334005757
0.13220940838003772
0.1359876565171864
0.13891902083513685
0.14018149455371862
0.1394038672126742
0.1367629916850061
0.13293406498081822
0.12890785697038912
0.12572433704501215
0.12419429095113955
0.1246834256198596
0.12701643332476806
0.1305261642789004
0.13423414527258132
0.13711361318553067
0.13836436759566584
0.13762587853087094
0.13507190267773994
0.1313617863247168
0.1274620668273106
0.12438662149090439
0.1229252051793713
0.1234330429708383
0.1257375210680894
0.12918647130618768
0.13282456926483097
0.13565014623943547
0.136883389901454
0.13617413161585035
0.13369386092546984
0.13008779684827135
0.12630038100318683
0.12332137326490271
0.1219207940992867
0.12244368211159296
0.12471936108382249
0.1281090635696902
0.1316786459238995
0.13444970565367811
0.13566160566449753
0.13497424184131834
0.13255750752844753
0.12904392916746493
0.12535765189215486
0.12246599773103978
0.12112037291136594
0.12165590936112901
0.12390325536281276
0.12723572193454716
0.13073868022615556
0.1334554306754991
0.13464345880227574
0.1339724462948875
0.13161123848601028
0.12818087847462373
0.12458674958838256
0.12177518327779334
0.12047995176961447
0.12102654616290451
0.12324643741984223
0.12652389562420838
0.12996237880083847
0.13262553676698077
0.13378805269029664
0.13312913069740773
0.1308170196999782
0.12746230986353874
0.12395294655215623
0.12121553185362245
0.1199670711992748
0.12052366802173421
0.12271720179854605
0.12594194391307534
0.12931820207756586
0.13192879081176317
0.13306476953038154
0.13241461489111528
0.1301463540474062
0.12686101079889187
0.12343024588253584
0.12076204195618873
0.11955741208787547
0.12012331353188509
0.12229169005789954
0.1254659871826982
0.12878228016173338
0.1313415015686453
0.13245035103902536
0.13180633993187035
0.12957758637434702
0.12635631719656343
0.12299892212375288
0.12039574962431361
0.11923251760736052
0.11980726780355329
0.12195172048448005
0.12507777498217323
0.12833631961979436
0.13084547270276875
0.13192690943677393
0.1312869490675172
0.12909406308072896
0.12593235419521806
0.12264383887904505
0.12010211261607401
0.11897823025863269
0.11956153855691773
0.12168329248277511
0.12476321326286148
0.12796615416184118
0.13042658272053959
0.13148054548124363
0.13084295292089232
0.12868285097467994
0.1255768107465324
0.12235327609216148
0.1198698829582913
0.11878359974116179
0.11937528927730733
0.12147553724941919
0.12451132873148642
0.12766072331968942
0.1300737824721571
0.13110037154254855
0.1304637850253855
0.12833383025451792
0.12528007169026656
0.12211809903427812
0.11969030738130236
0.11864010747763194
0.11924008040619583
0.12131996991079781
0.12431352916683099
0.12741134155114023
0.12977837655271637
0.13077781050203405
0.13014112351952292
0.12803904285152812
0.12503459406101813
0.12193116098171569
0.11955655227825451
0.11854110832262779
0.1191493222158739
0.12120994927714841
0.12416306801746595
0.1272111682219199
0.12953350142429465
0.1305060860621533
0.1298683977640662
0.12779221836141774
0.12483445339016319
0.12178686870553923
0.11946328527555192
0.11848142399365814
0.11909787583844256
0.12114028320627286
0.12405465257432041
0.12705481905277025
0.129333742317802
0.13027984828373607
0.12964042575025986
0.12758842569438827
0.12467501045080398
0.12168086342043313
0.11940636799399541
0.11845704438169666
0.11908175982784
0.12110693789705176
0.12398415483258143
0.12693807894441772
0.12917484975836585
0.13009489633416527
0.1294531456368884
0.1274238152885055
0.12455266484119584
0.12160978505857861
0.1193826291496139
0.11846490692650449
0.11909793322637627
0.12110682267622412
0.12394839709840517
0.12685768873540637
0.12905352886924834
0.1299479723553368
0.12930341623636823
0.1272954277303174
0.12446467230855743
0.12157109777273466
0.11938969676831723
0.11850273352406684
0.11914413511913079
0.12113763063978289
0.12394499301069234
0.12681118688130807
0.12896728283644632
0.12983660834174407
0.12918886896506285
0.12720105200667084
0.12440900977219557
0.12156296132299152
0.11942587476908917
0.11856891069367818
0.11921876674822113
0.1211977214668136
0.12397223049304325
0.1267967927760416
0.12891429751831124
0.12975901336259646
0.129107799028709
0.12713912165861188
0.12438427683703478
0.12158413763040385
0.1194900536213466
0.11866240303948627
0.11932080645705774
0.12128603683900481
0.12402898719742596
0.12681332241325505
0.1288933580784426
0.12971399225177507
0.1290590872785328
0.12710864063232766
0.12438962596806871
0.12163392502294193
0.1195816479053755
0.11878269306966742
0.11944975069246143
0.12140204180527649
0.12411467186564969
0.12686012990720089
0.1289037912890102
0.1297008895903788
0.129042146790759
0.1271091331445055
0.1244247159199639
0.12171211503017337
0.11970055585577444
0.11892974262479307
0.11960557643586134
0.12154568754261301
0.12422918712119094
0.1269370704530321
0.12894542917834823
0.12971955478808467
0.12905689014736493
0.12714061373988986
0.12448968480967411
0.12181896831289354
0.11984713764402925
0.11910397280211679
0.11978872204130167
0.12171739255229226
0.12437291077836674
0.1270444818665816
0.12901859123681797
0.1297703255815576
0.12910371487062966
0.12720357515000008
0.12458514060525495
0.12195520765780461
0.1200222104644489
0.1193062605444319
0.12000008472363037
0.12191804058656797
0.12454669400599581
0.12718318308689996
0.1291240836272967
0.1298540284828617
0.12918350565525152
0.1272989927253728
0.1247121679384743
0.12212202707314031
0.12022705957177345
0.11953795113124939
0.12024103400083339
0.12214899465931175
0.12475187574085957
0.12735448908302852
0.12926321490122408
0.1299719957574437
0.12929765307531368
0.12742834523036695
0.12487235114745567
0.12232111700524417
0.12046346539072464
0.11980088677551312
0.12051344135944668
0.12241212746180223
0.12499031371965268
0.127560242584579
0.12943782870183165
0.13012609949088721
0.12944808941867067
0.12759365275807705
0.12506781441702533
0.1225547066502175
0.12073374776935468
0.12009745248187467
0.12081972736981954
0.12270986947207468
0.12526443347557722
0.12780286404356483
0.12965035493306404
0.13031880430698115
0.12963734330803436
0.1277975335316591
0.1253012808941982
0.1228256253482173
0.12104082946636335
0.12043064134997301
0.12116292851815055
0.12304527710073913
0.12557729771704546
0.1280854223231881
0.12990388197638905
0.1305532414168306
0.12986861589782417
0.12804328249876487
0.12557615380806245
0.1231373862113752
0.12138832214100242
0.1208041427014868
0.12154678723743613
0.12342212445504044
0.1259326997687808
0.12841172989668576
0.13020225384932485
0.13083330801405446
0.13014588279277475
0.12833497600473692
0.12589662402372884
0.12349429656024183
0.12178063956289797
0.1212224578869839
0.1219758701279652
0.1238450238435737
0.12633528633136454
0.1287864679503363
0.13055019784605287
0.13116379771219266
0.13047402755052293
0.1286776085809046
0.1262678102466842
0.12390160156711744
0.12222314462241936
0.12169105053361307
0.12245572130733275
0.12431958214136084
0.12679071686129265
0.12921534888171193
0.13095349034881504
0.13155056992111797
0.13085901488306168
0.12907727018992368
0.12669594045347415
0.1243656699211148
0.1227223391972671
0.12221654053173359
0.12299306043235075
0.12485260280508241
0.12730586961453214
0.12970532649710062
0.13141917138533815
0.13200076902060834
0.13130811471001158
0.1295413753872928
0.1271885863225274
0.12489423361015646
0.12328610929820445
0.12280695451606295
0.12359603848655484
0.12545234697714255
0.12788910814616974
0.13026486806623763
0.13195582246920745
0.13252310826096755
0.13183019240111546
0.1300789601568658
0.12775496685670723
0.125496698456871
0.1239240425858203
0.12347205039819983
0.12427456936573089
0.12612887219858865
0.12855062728793612
0.1309043077736419
0.13257392779766564
0.1331282390193242
0.1324360864096336
0.1307010682144867
0.12840634360145228
0.12618454843845311
0.12464784193178989
0.12422374028416866
0.12504076227293998
0.1268944744397756
0.12930290503102046
0.13163630873604798
0.1332863467435693
0.13382923414153636
0.1331391028465758
0.13142125717583839
0.12915653872708893
0.1269718759583621
0.12547186811736952
0.1250766458216003
0.1259094899481283
0.12776426948445474
0.13016129739331117
0.132476471743315
0.1341089369135349
0.13464222579451335
0.13395566861189648
0.13225626743518348
0.13002262009216978
0.12787608349607776
0.12641385844639752
0.1260488341473465
0.12689914234165445
0.1287569647628198
0.13114482890286136
0.13344414494360773
0.1350613836373172
0.13558725539474334
0.1349062024073247
0.13322691489790578
0.13102581630936772
0.12891882159783866
0.12749588824111238
0.12716280347704345
0.12803263691663663
0.12989589503641275
0.13227725439695048
0.13456351255045085
0.13616831642884242
0.13668941870403298
0.1360162893622303
0.13435929603064617
0.1321927531050625
0.13012725742488204
0.1287456724652448
0.12844681871575692
0.1293387892076445
0.13121042892899143
0.13358850262119798
0.13586507667563189
0.13746083027635536
0.13798042784100611
0.1373182850543148
0.13568643519066517
0.13355714526573115
0.13153581264176578
0.1301983509116512
0.12993674535560296
0.13085419691163827
0.13273790478070985
0.13511666550758575
0.13738770177653023
0.13897858707552763
0.13950077157064678
0.1388535365661355
0.13725056839273947
0.13516214509485946
0.13318857859232888
0.13189897219743707
0.1316786044835418
0.13262586821519157
0.13452633472555137
0.13691078055672973
0.13918147801159186
0.14077276272384887
0.1413027489840717
0.1406755056659402
0.13910635897559626
0.1370636536297665
0.1351427262347527
0.13390600571522482
0.13373219020573693
0.1347149483271598
0.13663824415430909
0.13903478723523047
0.14131179874300506
0.14291025004684707
0.14345480229665078
0.14285423605015876
0.14132550399314237
0.13933507104161785
0.1374734056010271
0.13629639543363176
0.13617628333547163
0.13720209888898516
0.13915622297717792
0.14157325650562017
0.143865275012608
0.14547976513858668
0.14604782219651405
0.14548286506830724
0.14400345993160152
0.14207424424963225
0.14028092355706628
0.1391729764538034
0.13911631584696652
0.14019541990655865
0.14219111510003085
0.14463985838366822
0.14695849216029103
0.14860090443761007
0.14920451717848904
0.14868731753398529
0.14726947367882234
0.14541384826408246
0.14370148935676624
0.14267559932139504
0.14269588927379348
0.14384237838773542
0.1458943742881422
0.14839016283174283
0.15075127433375812
0.15243789219676604
0.1530936640735112
0.15264108020750222
0.15130190273271807
0.14953727489421423
0.14792369576747788
0.14699822877330748
0.14711451768043926
0.14834822361424008
0.1504771813095225
0.1530414898259043
0.15546729998341913
0.15722099534518563
0.15795235767878538
0.15758832314770052
0.15635224693883676
0.15470361546178682
0.15321449552090335
0.1524159590967659
0.1526557297076165
0.15400522639150507
0.1562408737120547
0.15890458579994513
0.16142708392489943
0.16328087295771676
0.1641217923569746
0.16388118129728058
0.16278400136026033
0.16128816009220195
0.1599614264407849
0.15932904921822558
0.15973300282408234
0.16124060701407752
0.16362696757390507
0.16643584487376098
0.16910250944878413
0.17110553650722987
0.17210677382563963
0.17204194778546567
0.1711376682781001
0.16985037357761865
0.1687437051610185
0.16833729793082627
0.1689675941223647
0.17069800669294088
0.17330246608683617
0.17632666294448435
0.17921044847062526
0.18143846932294924
0.18267858460577338
0.1828709465225184
0.18224391391896996
0.1812526306697665
0.18045685461582656
0.18037089816878574
0.18132597854515276
0.18338189090715012
0.18631163444194443
0.18966301688444034
0.19288060539927931
0.19545522455829906
0.1970608565526437
0.19764223334324194
0.19742968900200225
0.19687738721573905
0.1965416013013127
0.1969317843056066
0.1983744223862344
0.20092618115845262
0.20435958118877426
0.2082249495526425
0.21197192624614672
0.2150978496283601
0.21728317805189454
0.21847763625421468
0.21891404312195353
0.21904620957230345
0.21942767018770204
0.2205638626992251
0.2227774493614062
0.22612289615016948
0.23037316369562552
0.23508198859779725
0.2397049510748822
0.2437467770234823
0.24689532800087807
0.2491063560772611
0.25061635584087055
0.2518801644923363
0.25345015262349446
0.255829495354913
0.2593389246939379
0.2640326968908836
0.26968626082902925
0.2758588513026441
0.28201412922169355
0.28766644251827866
0.292513451463573
0.2965195708997864
0.2999279209893391
0.3031976839818958
0.3068837779509195
0.31149121037584415
0.31734322627786893
0.3244986176789599
0.33274033224897465
0.3416383694454979
0.35067002582494816
0.35936519281109924
0.3674377332341503
0.37486774701073056
0.38191275327520136
0.38904490961230737
0.39683123102108403
0.40578903996026106
0.4162554855840078
0.42830615432731833
0.44174459160790563
0.45616551732395305
0.4710747576601953
0.4860337314050742
0.5007897858737016
0.5153575190955938
0.5300294084091776
0.5453130452003633
0.5618119561143313
0.580082095948667
0.6005025828041881
0.6231953831655881
0.6480154898954145
0.6746142072701511
0.7025585416872723
0.7314746494733553
0.7611768386042793
0.791747476292207
0.823546272438616
0.8571462629433233
0.8932133474021985
0.9323612075667943
0.9750198366863488
1.0213520336690427
1.071239101163865
1.1243381463386686
1.180193861058808
1.23837268032497
1.298580798234202
1.3607313938841854
1.424939583547153
1.491442605088138
1.5604625561773153
1.6320444472493287
1.7059093684987199
1.7813594180108898
1.857258597856155
1.9320954876630818
2.0041140026124205
2.071483002485903
2.1324678738560396
2.185569225676112
2.2296046792377564
2.2637262142618617
2.287383022419999
2.3002535133496007
2.302176348869764
2.293107607867794
2.2731203948299714
2.242447622993999
2.2015528845390193
2.151202885834341
2.092511276887606
2.0269290726268334
1.9561699557864811
1.8820760840506456
1.806446864944017
1.7308648163988793
1.6565557311365526
1.5843138051417818
1.514507664918961
1.4471640491926765
1.3821072317580183
1.3191190063988016
1.2580797041930432
1.1990564601311648
1.1423193114899701
1.088284935939545
1.037406874139258
0.9900449293957236
0.9463514730584741
0.9062073273042157
0.8692261472077722
0.8348274890296609
0.8023600557538461
0.7712429536205991
0.7410878153600611
0.711769658741572
0.6834279889916658
0.6563982501527993
0.6310922922174248
0.6078600735666916
0.5868697363740238
0.5680381686149657
0.5510305577273824
0.5353289035259884
0.520350963386888
0.5055876049812443
0.49072164984673633
0.47569630317040684
0.46071482390339324
0.4461715485610633
0.43253278685336033
0.42019952365543206
0.40938869930443944
0.4000648127393574
0.39194005996679787
0.38454282264578993
0.3773359973100375
0.36985331824861584
0.36181704655787456
0.35320544563969014
0.34425197361678755
0.33537646217892353
0.32706679504685443
0.3197428548140154
0.31363922531018934
0.3087380626840458
0.3047700548719982
0.3012831054074536
0.2977602135631684
0.2937548506283736
0.2890074790209897
0.2835119649455969
0.2775141157210589
0.2714428036652921
0.2657922234342933
0.2609869176657915
0.2572657915382827
0.25461620019232195
0.25277572327977943
0.2513010615192213
0.24968548366511703
0.24749324934490066
0.24447491646358416
0.24063261327784005
0.23621781616328547
0.23166230350332315
0.2274608846008513
0.2240374201134595
0.22163009719627844
0.2202267149593103
0.2195672822794563
0.21921314957137517
0.21866404524981445
0.21749155565277617
0.2154532114245037
0.21255658827003654
0.20905627737712118
0.2053846131771079
0.2020348198266195
0.19942798403366752
0.1977995661557252
0.19713587841034358
0.1971775169358781
0.19748874939609543
0.19757416287976248
0.19701121635061308
0.19556310946882738
0.19324170153716455
0.19030365189963885
0.18718089148803058
0.1843641557921726
0.18227088435609037
0.18113295221476658
0.18093433741488038
0.1814153951088986
0.18214251645773863
0.1826244059730274
0.1824437216489101
0.1813687341984624
0.17941506270607488
0.17684097425274034
0.17407758172393395
0.17161274302666632
0.16985986885596235
0.16904686184355774
0.16915496891598408
0.16992390142739716
0.17092177612361067
0.171661036183916
0.17172919283074298
0.17089928464989768
0.16919043299049094
0.16686229645345177
0.16434498426599298
0.16212330731885966
0.16060647948715626
0.16001825290980498
0.16033694930877493
0.16130142710488532
0.16248131163172283
0.16339257122803846
0.16362737279156397
0.16296335152372107
0.1614229916523098
0.15926723519271738
0.15692510429181922
0.15487829313104595
0.15353175020011872
0.15310499853738568
0.15357333895469955
0.15467466281660375
0.15597997609496836
0.15700863971053627
0.15735735040248217
0.15680823149311368
0.15538704603467116
0.15335596164282686
0.15114287785549105
0.14922635020147115
0.14800704218181102
0.1477002195125058
0.14827811732250853
0.14947759564607996
0.15087096002770636
0.1519808737188493
0.15240847435949265
0.15194029641880805
0.15060532482601627
0.14866691926232772
0.14655184437822877
0.14473551888528655
0.14361432695310408
0.14339927565236557
0.14405951757744578
0.14533084493118276
0.14678680801496957
0.14795330568862403
0.14843584765458864
0.1480253191877112
0.1467538839211755
0.14488607207055834
0.14284751262502735
0.14111050145193896
0.1400671625359576
0.13992425797243743
0.14064785704963959
0.14197266396449135
0.14347343451309763
0.14467925030133333
0.14519993584004526
0.14483067607465264
0.143606777382913
0.14179392496499216
0.1398166170518628
0.1381440468677166
0.1371641047109907
0.1370793300095928
0.13785271762972706
0.13921787365668178
0.14075072983267362
0.14198350628250023
0.14253029213676835
0.14219052623044862
0.14100262560435675
0.1392334178321236
0.13730627798210157
0.13568731995103764
0.13476023086336045
0.1347233548734693
0.13553662730989885
0.1369325525199979
0.13848821501539654
0.13973893489592917
0.14030302029243516
0.13998412143833336
0.13882373609563328
0.13708982297056685
0.13520464269321383
0.13363125457254849
0.13274917519995627
0.13275258386863723
0.13359837508329403
0.13501795215695225
0.1365895335698879
0.13785150479843408
0.13842635049335866
0.13812189194784955
0.13698267892242819
0.13527779056975806
0.13342838210488636
0.13189448347286337
0.13105147440384998
0.1310894015120462
0.1319621396820121
0.13339999488716756
0.13498230391146282
0.13625048589154484
0.13683116180976104
0.13653628519056088
0.1354134297989207
0.1337327846810125
0.13191440851845643
0.13041532707003461
0.12960681725035528
0.1296748261687565
0.13057023192781608
0.132022248982755
0.13361131909301538
0.13488186554757356
0.13546460724488335
0.13517559225252015
0.1340653908143335
0.132405291238556
0.13061426418411312
0.1291463560539509
0.12836877496528593
0.12846340219009653
0.1293781429584783
0.13084112757935437
0.13243389126349317
0.1337038337097585
0.13428573476177116
0.1339997002652649
0.13289926975077992
0.13125681998008565
0.1294902416160337
0.12805062601937717
0.12730114625181774
0.1274196515820221
0.128351098967402
0.1298225430972222
0.1314166025471103
0.1326836271481659
0.13326242194786328
0.13297711459827188
0.1318841869913935
0.13025709331892646
0.12851265174163393
0.12709902228221823
0.12637537625700826
0.12651556471349115
0.12746162136258218
0.12893953467650748
0.1305329976871206
0.131795285333793
0.1323691932107146
0.13208283551772884
0.13099560982095648
0.12938203649766503
0.12765786815485267
0.12626835652501847
0.12556870396057895
0.1257287968698557
0.1266877709835765
0.12817055863396007
0.12976191938908385
0.13101802937340146
0.13158564105210674
0.13129682057758338
0.1302138547310863
0.12861231862131708
0.12690690571084748
0.1255399818138786
0.12486281251239223
0.12504135285623935
0.12601186596809388
0.1274982386430247
0.1290862899127045
0.13033507414947063
0.13089526792059386
0.13060285536572291
0.1295229862516714
0.12793227877340735
0.1262443731363413
0.12489877092936522
0.12424283253470601
0.1244386145532054
0.12541953288004082
0.12690843978998045
0.12849220744452722
0.12973274642469826
0.1302846254802634
0.12998771338004628
0.12890999688183602
0.12732912545242933
0.1256576914272012
0.12433235319078116
0.12369659685479067
0.12390861306199172
0.1248989957967062
0.12638957415867558
0.12796826775972456
0.12919982217813997
0.12974266723074915
0.12944052354751487
0.12836418912487402
0.12679233273999488
0.1251365037692323
0.12383053775488277
0.12321407681785226
0.12344147768302477
0.12444053762319422
0.12593207417017221
0.12750504929310863
0.12872702312690845
0.12926025620690326
0.12895228883219237
0.12787670473551996
0.1263131799170871
0.12467222525344805
0.12338487316361912
0.12278695140814173
0.12302901436245364
0.12403608762976705
0.12552798899060016
0.12709471820960705
0.12830663026104094
0.1288297867851595
0.12851551612244125
0.12744016249600845
0.12588439693572276
0.1242576958494155
0.12298830762721125
0.12240827465458376
0.12266438004137381
0.12367890257594753
0.12517067227164996
0.12673072261260046
0.12793218437773576
0.12844489140579157
0.12812392900405004
0.1270483769023808
0.12549988887845218
0.12388691049709755
0.12263492460810224
0.12207221657034638
0.12234182882029355
0.12336331797654684
0.12485453840332138
0.12640755367529508
0.12759825198897806
0.1281002111572625
0.12777224292230752
0.1266961378035211
0.12515451997232768
0.12355480739193204
0.12231973527394852
0.12177385967266703
0.1220565124490115
0.1230845524709143
0.1245748706778125
0.12612055752041906
0.12730024084215585
0.12779121486513415
0.12745598776651307
0.12637903640782971
0.12484394294184827
0.12325710060742634
0.12203851431264726
0.12150903791476324
0.12180432230339507
0.1228385527766395
0.1243276691572925
0.1258657859436837
0.127034253444127
0.12751405536297808
0.12717136683455665
0.12609332688658825
0.12456446319509429
0.12299014680616836
0.12178766911028482
0.12127420827385571
0.12158176332862508
0.12262186993710028
0.12410952917854724
0.1256398771318038
0.12679696995154083
0.1272654545155919
0.12691514394901743
0.12583581554234197
0.12431293000196991
0.12275083838433841
0.12156413481797784
0.12106634769668104
0.12138585282193996
0.1224315599023588
0.1239175436962123
0.12543995973524905
0.12658555394240414
0.12704261065954545
0.12668455253712055
0.12560377149750976
0.1240866487594991
0.12253651728074111
0.1213652896704476
0.1208828698943642
0.1212140386716984
0.12226510318251753
0.12374922432306693
0.125263575270345
0.12639757615670177
0.1268431236600764
0.12647722198152178
0.1253948543159635
0.12388330985984318
0.12234490506548833
0.12118888626961324
0.12072155779487857
0.12106413295369564
0.12212033956469238
0.12360243714635112
0.12510861501583126
0.12623095245563687
0.12666493391600347
0.12629111765401152
0.12520705504789423
0.12370093072769486
0.12217404595033761
0.12103299554748137
0.12058050843813069
0.12093425773890772
0.12199541481519709
0.12347535030796374
0.12497326845618031
0.12608389311435392
0.12650627248919355
0.12612449186883737
0.1250386479935719
0.12353780838010485
0.12202226012937134
0.12089596087165717
0.12045808783042662
0.12082280068140101
0.12188873698643485
0.1233663910173383
0.12485598098887005
0.1259548612133117
0.12636562017008918
0.12597584361264502
0.12488815108750682
0.1233924804538238
0.12188810543752897
0.12077636032256674
0.12035289382754016
0.12072837849501364
0.12179894047577713
0.12327421018210802
0.12475541911773037
0.12584253838620332
0.1262416737727569
0.12584388537927083
0.12475429326502924
0.12326369309511515
0.12177034575431553
0.12067297560119682
0.12026372553637389
0.12064980683885598
0.1217248563856224
0.12319765323460188
0.1246704417387603
0.12574579655871096
0.126133318320789
0.12572751579708297
0.12463598752518547
0.12315037445159362
0.12166792491726619
0.12058476635614754
0.12018955804741027
0.12058607544726403
0.12166548804336826
0.12313573603515948
0.12460007642095014
0.12566367460197342
0.12603960406912718
0.12562579701476784
0.12453230867595189
0.12305161277167383
0.1215799451698474
0.12051084897378869
0.12012952156050331
0.1205363275846268
0.12161999077922721
0.12308762496741497
0.12454349981449814
0.1255953590499944
0.1259597275269947
0.12553793602681595
0.1244424749586247
0.12296663832410903
0.1215056493716087
0.12045047907383381
0.12008288416053314
0.12049984309572198
0.12158765524622775
0.12305262052359074
0.12450002149784796
0.1255401682050908
0.12589301581956777
0.12546326928869092
0.12436583291412383
0.12289480851220679
0.12144440635682643
0.12040303710842273
0.12004903765247242
0.12047602447246722
0.1215678937143581
0.12303014382266955
0.12446907071651968
0.12549753909535943
0.1258389138617998
0.12540125010547698
0.12430184498445786
0.12283559568595855
0.12139569895445397
0.12036801658665625
0.12002748598704152
0.12046438547687818
0.12156022888757836
0.12301972561805577
0.12445018557944575
0.12546701685752965
0.1257969739266627
0.12535143838403787
0.12425007944748993
0.1227885772577862
0.12135911428267519
0.12034501454531317
0.12001783590454727
0.1204645419551744
0.1215642848852622
0.12302099744410029
0.12444300436830086
0.12544824620793596
0.1257668472764108
0.12531349242404705
0.12421020236670831
0.12275342780976216
0.12133433601208643
0.12033372396594805
0.12001978950365629
0.12047620455561352
0.12157978010658313
0.12303368462501639
0.12444725868955965
0.1254409647363953
0.12574827759786117
0.1252871624937948
0.1241819713072722
0.12272991294910951
0.12132113835935308
0.12033392790519518
0.12003313850617855
0.12049917312574686
0.12160652175847837
0.12305760093175916
0.12446276825892554
0.12544499781748775
0.12574109603997286
0.1252722859941193
0.1241652306257731
0.12271788472337963
0.12131938162709041
0.12034549515793527
0.12005776004230806
0.12053333261797075
0.1216444018797133
0.12309264472332239
0.12448943715880298
0.1254602549838078
0.1257452177026174
0.12526878406259218
0.1241599081900434
0.12271727845569827
0.12132900915386488
0.12036837732138403
0.12009361382730077
0.12057865037753573
0.12169339473896373
0.12313879645362774
0.12452725145358096
0.12548672764893393
0.1257606394674715
0.12527665951259057
0.12416601342652774
0.1227281109004394
0.12135004557808624
0.12040260716651234
0.12014074063970542
0.12063517472641513
0.12175355552322069
0.12319611746381509
0.1245762780849281
0.12552448810596312
0.1257874390997626
0.12529599603859856
0.12418363662979985
0.1227504796573017
0.1213825963566115
0.12044829826071225
0.1201992620474492
0.1207030347920395
0.12182502026847039
0.12326475001417321
0.12463666500481255
0.1255736897615165
0.12582577558378513
0.12532695865403135
0.12421294950294988
0.12278456381483548
0.12142684851160712
0.1205056458181979
0.12026938136133099
0.12078244156342306
0.1219080070178132
0.12334491854378292
0.12470864253660394
0.1256345685985943
0.1258758906880832
0.12536979535931292
0.12425420692976905
0.12283062582733444
0.12148307261269457
0.12057492878743506
0.12035138582754962
0.12087369018851833
0.12200281822333987
0.12343693217692057
0.12479252598617539
0.12570744589271735
0.1259381117874053
0.1254248400707493
0.12430775001142212
0.12288901466029721
0.12155162603190159
0.1206565132158864
0.1204456501028191
0.12097716355946322
0.12210984444161162
0.12354118852876275
0.12488871955797617
0.12579273223934645
0.1260128560023043
0.12549251687344945
0.1243740104339886
0.12296017027380989
0.12163295754381072
0.12075085696782992
0.12055264108984756
0.12109333726624684
0.12222956940567915
0.12365817889605994
0.12499772166529399
0.12589093298422635
0.12610063575102867
0.12557334569619746
0.12445351626775647
0.12304462954764868
0.12172761337777743
0.12085851590456538
0.12067292424644102
0.12122278603527963
0.12236257659349892
0.12378849495633186
0.12512013176073256
0.1260026551867473
0.1262020658470179
0.12566794954482283
0.12454689933834164
0.12314303379184412
0.12183624486937324
0.120980151678241
0.12080717152273883
0.12136619181082127
0.12250955745476637
0.1239328371407802
0.12525665885679432
0.12612861628943237
0.12631787231923142
0.12577706347533343
0.12465490435463224
0.12325613803162047
0.12195961790443188
0.12111654133626988
0.12095617112766678
0.12152435368481387
0.1226713215052151
0.1240920248946926
0.1254081319537471
0.126269654715363
0.12644890318128787
0.12590154553721764
0.12477840002883965
0.12338482230657032
0.12209862439953588
0.12126858898566935
0.12112083937889412
0.12169819993439325
0.12284880855350447
0.1242670090953039
0.12557551265081526
0.12642674267490056
0.1265961414363966
0.12604238997941047
0.12491839248652138
0.12353010528776782
0.12225429612903056
0.12143733983259553
0.12130223495730683
0.12188880249355893
0.12304310339241174
0.12445888696541188
0.12575991028455297
0.12660100153191578
0.1267607206746599
0.12620074308215856
0.12507604133652062
0.12369316058930391
0.12242782128192543
0.12162399698769871
0.12150157596416016
0.12209739426520634
0.12325545336876641
0.12466891990395859
0.12596260002375365
0.12679372016657642
0.12694394370762008
0.12637792206766874
0.12525267886198743
0.12387533624415327
0.12262056422649059
0.12182994152384924
0.1217202602758058
0.12232538977660296
0.12348728934376067
0.12489855475532165
0.12618504445173562
0.12700637687521718
0.12714730479071706
0.12657543764980886
0.12544983290279116
0.12407817792445312
0.12283408907388993
0.12205675638803003
0.12195988980889398
0.12257440980306897
0.12374025067967888
0.12514944916422582
0.12642891929492822
0.1272406654782373
0.12737251611617975
0.12679502091866282
0.12566925413783925
0.12430345662806112
0.12307018777535157
0.12230625491562178
0.12222229945788964
0.1228463107347595
0.12401621504255744
0.125423501820609
0.1266961441165381
0.12749852646944784
0.12762153942565693
0.12703865542383225
0.1259129486469767
0.12455320172714551
0.12333091366529737
0.12258051487584003
0.12250959165086231
0.12314321965071105
0.12431733400224071
0.1257228885939742
0.1269889189935278
0.12778218424465765
0.12789662379931394
0.12730861553342077
0.12618321684979245
0.1248297404962699
0.12361862158881817
0.12288191920861952
0.12282417770554097
0.1234675763040049
0.1246460756567837
0.12605010580706985
0.1273097684504368
0.12809419170633296
0.1282003509428777
0.12760751241551216
0.12648270019303845
0.12513574551860196
0.12393601603872899
0.12321320490487443
0.12316882746533304
0.1238221835261534
0.12500527581792595
0.12640802221578898
0.12766159424676105
0.12843748387265325
0.12853568963257456
0.1279383493334397
0.1268144373119345
0.12547429172796007
0.12428620909427925
0.12357752185757884
0.12354672907863462
0.1242102679504948
0.12539819969497437
0.126799941669865
0.128047739031955
0.12881544254410932
0.12890606141155417
0.12830458839077818
0.1271819318424015
0.12584892530822653
0.12467279042718037
0.12397850399436636
0.12396156127805673
0.12463555345878208
0.12582861652932636
0.12722967895684378
0.12847206342029932
0.12923197463193517
0.12931542019479103
0.1287102314364487
0.1275892346507699
0.1262637472720663
0.1250999122545659
0.1244203556302597
0.1244175811588235
0.12510235041136644
0.12630089030331199
0.12770165201683123
0.12893903973975598
0.12969160746960967
0.1297683491729972
0.12915991859123058
0.12804104401373362
0.12672351532628817
0.1255723929218744
0.12490795680076668
0.12491973129554869
0.1256156645813672
0.12682009052644502
0.12822099461607728
0.12945386662912894
0.13019960537088715
0.13027017936946206
0.12965904884254445
0.1285428282914574
0.12723376866354869
0.1260958438550944
0.125446992417187
0.12547377114353206
0.12618133084639524
0.12739212826232513
0.12879369475523428
0.13002260987463973
0.1307621129430579
0.13082713547956404
0.1302139284611234
0.12910097697284584
0.12780098169021153
0.12667682602518748
0.12604411152279044
0.1260864391435131
0.1268061781991671
0.12802392410421662
0.12942676567003275
0.13065237649758052
0.1313863323247763
0.13144651632388385
0.13083195473571954
0.12972298776056554
0.12843275453074948
0.12732304394321836
0.1267071248518072
0.12676565391858624
0.1274982346585926
0.12872361687788492
0.13012845840547635
0.1313515312815004
0.1320807437498317
0.13213691953413587
0.13152184486939764
0.130417699767451
0.12913805061672723
0.1280435877364828
0.12744525148885164
0.12752076561579398
0.12826698339433582
0.12950082465267884
0.13090852781938567
0.13212996787652737
0.13285538186387946
0.13290852319658727
0.1322939230666999
0.1311955861675945
0.12992749502500608
0.1288492372995981
0.1282694289622587
0.12836287207378624
0.12912368510433248
0.13036697346729678
0.13177856779866662
0.132999450652241
0.13372218436324193
0.13377344143053813
0.1331604832093106
0.13206912413104296
0.13081375183710683
0.12975284724873393
0.12919270596715612
0.12930521949338486
0.13008178681573665
0.13133571444923622
0.13275243688974403
0.13397404903676363
0.1346954352459961
0.1347461767595984
0.13413625056186687
0.13305326608374615
0.13181200517893543
0.13076983797245595
0.13023074366514176
0.130363714229693
0.1311574444196924
0.13242345734868105
0.13384680309540897
0.1350706938473698
0.1357923329543311
0.13584420035218026
0.1352389744040726
0.13416604503315888
0.13294057755005126
0.13191882728318802
0.13140246098496078
0.131557582078087
0.13237019628779795
0.13365005884035944
0.1350818472265447
0.13630989606692545
0.1370337249614589
0.13708870281474658
0.1364901954381377
0.13542935900921216
0.13422173172901544
0.1332224502301284
0.13273087279874354
0.13291022528236365
0.13374383959406203
0.1350397186549499
0.13648217935290355
0.13771668413893703
0.1384450664507024
0.1385055748112013
0.13791624892066356
0.1368699972973804
0.13568272071403445
0.13470843337158367
0.13424418916825767
0.13445034741603373
0.1353075815119832
0.13662215779279285
0.13807804475567545
0.1393218384022112
0.14005768399858526
0.14012670078341474
0.13954958923358907
0.13852099669835435
0.13735717653468296
0.13641101702824468
0.13597727195663806
0.13621344529744753
0.13709756740697468
0.13843418399763993
0.13990692771717206
0.1411635342642766
0.14191045923238765
0.14199168422843686
0.1414305579523631
0.14042345359475686
0.13928696756329442
0.13837285912500966
0.13797358652693123
0.13824380991366889
0.13915893239777016
0.14052179541319948
0.1420157087773846
0.14328955461092138
0.14405209799662913
0.14415017527775698
0.14360977154799964
0.14262897354245985
0.1415247118198445
0.14064761409365054
0.14028784818919626
0.14059724242288224
0.14154858899215278
0.14294304199944072
0.14446360214987833
0.1457603055155686
0.1465442267272901
0.14666505018816797
0.14615138652972356
0.14520302468640567
0.14413722137212007
0.14330347106130012
0.1429896570777757
0.14334478872116085
0.14433906444755795
0.14577196889923713
0.1473262084191847
0.14865298170828473
0.14946567425417007
0.14961681316491654
0.14913762510678338
0.14822959121470933
0.14721028767609762
0.14642807531790203
0.1461685601381026
0.14657794649880113
0.14762385761153457
0.14910412794828087
0.15070118578263106
0.1520674027971404
0.15291847844127718
0.15310977906066256
0.15267513979343383
0.1518177259329981
0.1508554284085912
0.15013547592947615
0.1499412062869594
0.15041603496771064
0.15152503049987506
0.15306439866280497
0.15471630829283797
0.15613431690868335
0.15703644367955993
0.15728089349809504
0.15690410527626666
0.15611092334304508
0.15521955158926112
0.1545760911175992
0.15446162366096264
0.1550167950045127
0.15620414279297248
0.15781826899790416
0.15954110525732243
0.16102741159829698
0.1619975366890847
0.162312527478716
0.1620114263014865
0.16130075586126305
0.16049903578974634
0.15995124875130615
0.1599362373441159
0.16059190175674307
0.16187827768321036
0.16358839355158797
0.16540397169960827
0.16698099728996343
0.16804216451584628
0.16845137241123015
0.16825027314488566
0.16764707411804222
0.16696062067219497
0.16653479360269288
0.1666462209345805
0.1674300892818831
0.1688439695678103
0.17067935556813668
0.17261779726444454
0.17431653706935665
0.17550064065849125
0.1760368795433787
0.1759695329169566
0.17550851037478998
0.1749730045035174
0.17470582277155133
0.17498141560558336
0.175932300971238
0.17751363565621125
0.17951543174116025
0.18161911852148108
0.18348324319326784
0.18483528499987187
0.18554492516078697
0.1856591046251046
0.18538947092390315
0.18505560438097807
0.18499928737728166
0.18549285020332343
0.1866662084467056
0.188472177671191
0.1906993645043192
0.19302915358591075
0.1951214699172124
0.1967062750461682
0.19765622496795388
0.19802098615881678
0.19801401008857122
0.19795533682793098
0.19818580473644531
0.19897571563904107
0.20045248469676186
0.20256669641640795
0.2051056671459919
0.2077508536019763
0.21016367416484374
0.2120766858912516
0.2133656310537175
0.21408301387514816
0.21444420628034466
0.2147698327391092
0.21539992350900938
0.21660290078831493
0.21850384086506708
0.22105126952143025
0.22403139285676102
0.22712592406594756
0.22999796106837922
0.2323828432219944
0.2341595872415225
0.23538372711652195
0.23627275474392637
0.23714808991532912
0.23834918032920815
0.24014281046552347
0.24265197591173351
0.2458234163263658
0.24944251159941527
0.25319152362004277
0.2567355276610619
0.25981294766937296
0.26230638226439085
0.2642747102523334
0.26593786968221544
0.2676184167612406
0.2696555756999949
0.2723148718737592
0.275717618001499
0.2798091825550295
0.28437454791253064
0.28909696340649355
0.29364392732613365
0.29775739897038495
0.3013240146010963
0.304406459986815
0.30722759028374746
0.3101115803458782
0.3133979259544217
0.31735140109704907
0.3220921536856209
0.32756470501047624
0.3335541639100818
0.3397452843612284
0.3458084914814016
0.3514897645456786
0.3566802382212276
0.3614468384062537
0.3660157394858688
0.37071310189779955
0.37587901885727915
0.3817777892179528
0.3885286110168424
0.3960752970274285
0.4042031271515972
0.4125982905904187
0.42093393446427796
0.4289596955493518
0.43657066385716287
0.4438372578179402
0.4509879931590807
0.4583497790729311
0.46626177770173394
0.4749859547619451
0.4846383274009906
0.4951593465277905
0.5063313326804633
0.5178382433475187
0.5293516809825218
0.5406200072573765
0.5515366003619162
0.562168898712465
0.5727404083990802
0.5835704825411853
0.5949880158247043
0.6072421934415894
0.6204342133748656
0.6344882574018875
0.6491694372740869
0.6641438229871869
0.6790643596602838
0.6936595326321466
0.7078009111516016
0.721531383309909
0.7350464606561276
0.7486336413722066
0.7625860890149988
0.7771137843523793
0.7922759893505094
0.8079531441969103
0.823865738253307
0.8396350968856178
0.8548697921589697
0.8692545324958159
0.8826177529649979
0.8949598813180629
0.9064348472865222
0.9172899870114798
0.92778068976287
0.9380829334008405
0.9482274329360776
0.958073329009392
0.967328728277293
0.9756128269423069
0.9825431805073147
0.9878249254958834
0.9913182253388564
0.9930660441795459
0.9932749812606615
0.9922544696392269
0.9903307807576704
0.9877589917050558
0.9846565644876878
0.9809763277681554
0.9765260184723001
0.9710289920327361
0.9642096177497953
0.9558802192614656
0.946005986383067
0.9347301885586748
0.9223526744954592
0.9092671844021183
0.8958740615926452
0.8824915587532756
0.8692893169280205
0.8562616506367506
0.8432475980348514
0.8299921578076951
0.8162321010156797
0.8017831779332487
0.7866051986042291
0.7708274402520348
0.7547275177685666
0.7386693743701617
0.7230170448260292
0.7080473610214959
0.6938850602330698
0.6804777444101129
0.6676174406921889
0.6550030039682708
0.642326641657846
0.6293613722016574
0.6160259878798734
0.6024101423858041
0.5887528975573774
0.5753805632745511
0.5626205926261619
0.5507147170076409
0.5397546996819346
0.5296580016145654
0.5201899262672222
0.5110263228427603
0.501840034267294
0.49238790185814546
0.48257499355121275
0.4724788437267409
0.4623272342497012
0.4524355222249678
0.44312037923746767
0.434613133787179
0.42699600561207857
0.42017836356856125
0.41391938316825794
0.4078910156087647
0.4017643549813958
0.3952962108365973
0.38839264433193643
0.38113241892920685
0.37374408599923536
0.366542878163853
0.35984437411342546
0.35387813061607437
0.34872447832233194
0.34429144949143015
0.3403380225315551
0.3365374275166162
0.3325635000798631
0.32817688648063054
0.32328794962249474
0.31797948979908547
0.31248319081020537
0.3071161309109011
0.30219442056062773
0.2979471661288082
0.2944538638721639
0.2916220290305892
0.2892110544394737
0.28689587617320267
0.28435333546485414
0.2813480362982193
0.27779464064567744
0.27377987811940263
0.26953837069313535
0.2653887779952342
0.2616474226547466
0.2585425977040597
0.2561525677913548
0.25438390593064214
0.25299597028010357
0.2516649327031167
0.2500701511861423
0.24797968295192435
0.24531197293784984
0.24215715744727515
0.2387522732499411
0.23541704295285584
0.23246749281031182
0.23013060711797273
0.22848293800347214
0.22742964928115386
0.22672960944596768
0.22605978060256054
0.22510159913788674
0.22362614319273055
0.22155521474044226
0.2189819391198295
0.21614536147715746
0.21336587550462585
0.21095883646430047
0.20914956404534302
0.20801256051104614
0.20745125976923187
0.20722373348393508
0.20700743683960343
0.2064855943806384
0.20543201995325266
0.20377159212564314
0.2016001509604868
0.19915848432822633
0.1967674029524542
0.19474135112654875
0.19330375930354157
0.19252687023660828
0.19231219128231017
0.19241681047560855
0.1925184955640685
0.1923020819106403
0.19154394301403121
0.1901718590161796
0.1882842120899404
0.18612336518434971
0.18401038636654518
0.1822586597792052
0.18108958932146685
0.1805730325238735
0.18060845421540264
0.1809518495226844
0.1812811927199772
0.18128282419326835
0.18073556973750735
0.17957000197853845
0.1778869358262925
0.17593020228904208
0.17402102518179535
0.1724716349626984
0.17150132496299428
0.17117749284412057
0.17139749386895597
0.17191616789199715
0.17241163466741372
0.17257167695659453
0.17217750686974703
0.17116242008718557
0.16962959287898585
0.1678242536733611
0.16606771525486305
0.16467099417868558
0.1638512210771642
0.1636732896235004
0.16403240772642327
0.1646822256537931
0.16530097450792558
0.16557784261233535
0.16529638720657053
0.16439258138128898
0.16297191418801843
0.1612809626693772
0.15964108269726973
0.1583620366991172
0.15765875961356768
0.15759361533773067
0.1580596442197697
0.1588092895110508
0.1595208757630276
0.15988497566217588
0.15968746540824805
0.1588669642875992
0.15753123940228747
0.15592818087448296
0.15437915448485606
0.15319264046438424
0.15258135670092593
0.15260512268386503
0.1531548017099162
0.1539816228978454
0.15476399629230198
0.15519386733724283
0.15505941427580833
0.15430188028732586
0.15303128435818106
0.15149680236793261
0.15001978468889407
0.14890740880643868
0.14837016139840742
0.14846530981880965
0.14908153746455924
0.14996885861684672
0.15080576706106713
0.1512855754021458
0.1511987528272288
0.15048914972389887
0.14926901620458824
0.14778879177089052
0.14636979102991848
0.14531787291118667
0.14484128325466875
0.14499473389877224
0.14566472968195646
0.1466000734006816
0.1474793447736459
0.14799722181118966
0.14794645728072597
0.1472734957132639
0.14609280107851733
0.14465605770965773
0.14328452728465063
0.14228273740848293
0.14185668635775325
0.14205852985764408
0.14277259821630983
0.1437464887116084
0.14465887174401035
0.14520579147944118
0.14518227935297026
0.14453736335908404
0.14338770635773082
0.14198622092656243
0.14065410074561605
0.13969453131360368
0.13931125850655504
0.1395538831460558
0.14030456678637487
0.14130970886285474
0.14224807689233615
0.1428170836138831
0.1428140358612477
0.14219053601924247
0.14106543242355427
0.13969285079121455
0.13839390313672215
0.1374704233895731
0.13712390143312733
0.13740138558329998
0.13818287556859607
0.1392135817925176
0.14017237645392772
0.14075804441379172
0.1407701657621961
0.14016290930857778
0.139057296520853
0.13770865216834693
0.13643799388606673
0.13554579545949533
0.13523128801747855
0.135538970556129
0.13634668867202804
0.1373984733091043
0.13837330968423664
0.13897135911204433
0.1389944735852622
0.13839938115378697
0.1373092648301239
0.13598063506246907
0.13473440305317616
0.13386967447421502
0.13358341949577224
0.1339175915052673
0.13474789017267144
0.13581717707070096
0.13680455930218655
0.13741157951900654
0.13744236082814382
0.1368561839001062
0.13577838225058445
0.13446663914417792
0.13324174776260145
0.13240143811184224
0.13214041757511039
0.13249809799193277
0.13334804165279698
0.13443195119870308
0.135429064859052
0.13604231190276234
0.1360780861769341
0.13549821477065255
0.13443017106548563
0.13313279865387823
0.1319267614415075
0.13110840650519914
0.1308701768658298
0.13124894710639187
0.13211615091189413
0.13321234267051893
0.1342169012423035
0.13483414808353247
0.1348727477176179
0.1342970677677004
0.13323671115021862
0.13195166957624596
0.13076246666175104
0.1299640594926832
0.12974662532042552
0.13014450591226276
0.13102701526910246
0.13213357036786874
0.1331437003915929
0.13376312477087843
0.13380277888065195
0.13322956524037213
0.13217520620862913
0.13090082961942756
0.12972680796317473
0.12894670141387882
0.12874842015588037
0.12916377767386408
0.13005997729879987
0.1311753095466785
0.13218946375163845
0.1328095632707274
0.13284881469342127
0.1322766499952835
0.13122690107415433
0.1299618200578493
0.12880161760869116
0.12803845016484192
0.12785795961439206
0.12828943574524534
0.129197980286405
0.1303207683143883
0.1313376592412582
0.13195718643075763
0.13199482820168948
0.13142254070714487
0.13037625563657648
0.12911933771552167
0.12797182517652195
0.12722446396484124
0.12706062648176064
0.1275070834286153
0.12842684402714463
0.12955597897996884
0.13057452777566952
0.13119243996696442
0.131227466242039
0.13065408178877488
0.12961030847024213
0.12836061202242352
0.1272248477238772
0.12649234431423217
0.1263442035352882
0.12680468161617778
0.1277347043730902
0.1288692492252366
0.12988854578901618
0.1305039660708338
0.1305355338744914
0.12996023839644694
0.12891818216661333
0.127674920434477
0.12655011506098215
0.1258316708955716
0.12569841785042923
0.12617210228656436
0.12711157570910012
0.12825073335539047
0.12927000505957956
0.12988219161491107
0.12990959077858583
0.1293317008318674
0.1282906955615264
0.12705320831099556
0.12593869710728342
0.1252336362416403
0.12511458261779845
0.12560077731190833
0.1265490065953726
0.12769209462581482
0.12871068157367188
0.12931900340980781
0.12934163276373134
0.12876057216888268
0.1277200573454327
0.12648778837774927
0.1253830090809176
0.12469075652731511
0.12458531341665922
0.12508342009504192
0.12603980665283498
0.12718623726373865
0.1282035725735956
0.12880749017166937
0.12882483855112017
0.1282401197482003
0.12719962217098402
0.12597210135080328
0.1248765765434158
0.12419664094261305
0.12410430182570305
0.12461380332973537
0.12557782838661902
0.12672709227002263
0.12774268625557728
0.12834173603540816
0.12835336702418343
0.12776457608806013
0.12672369514899298
0.12550052394410116
0.12441384684764052
0.12374580651086005
0.1236661335432773
0.12418658035562655
0.12515779171039243
0.12630944504925418
0.12732287244292903
0.12791665421020068
0.12792219380631845
0.1273289783257856
0.12628737409695376
0.12506821386948555
0.12399003683450377
0.12333352842907574
0.12326614131891397
0.12379714063046267
0.12477514190923529
0.12592879581437721
0.1269396853847315
0.12752785212521558
0.12752697870831306
0.12692903792239782
0.12588642145704987
0.1246709839252173
0.12360100905068255
0.12295571837365307
0.1229002853072145
0.12344149209274285
0.12442593397278023
0.12558124585264396
0.126589271917994
0.127171521452241
0.12716395757600535
0.12656103430093582
0.12551715969150007
0.12430519911555174
0.12324317055977653
0.1226088249717139
0.12256505516858784
0.12311616486138395
0.12410673786405993
0.12526340433485786
0.12626827978848268
0.12684434791010157
0.12682985355110998
0.12622172753686042
0.1251763853764578
0.12396769212246599
0.12291338976690996
0.12228975195416827
0.12225738952624898
0.12281813197331908
0.12381456051460651
0.12497231154480984
0.12597378209260843
0.1265434368971809
0.12652180387307743
0.12590828630843032
0.12486129828031672
0.12365569349183361
0.12260892769330281
0.12199579049909297
0.12197460935990907
0.12254474380879198
0.12354678126301717
0.12470537531370075
0.12570321468990373
0.1262662518648995
0.12623729919659202
0.1256182281417636
0.12456944252044905
0.12336677368616022
0.12232738090930814
0.12172456303011737
0.12171436265446242
0.12229367357575378
0.12330109816073298
0.1244603181330212
0.12545432410926285
0.126010563003623
0.12597413304427135
0.12534936961720322
0.12429865751033665
0.12309879475986411
0.12206663392576564
0.12147397631181042
0.12147457818760221
0.12206287177799517
0.12307548310948895
0.12423513294995377
0.1252251239914155
0.12577440432153003
0.12573035951080785
0.12509978468876143
0.12404703688402859
0.12284986987914198
0.12182481929933903
0.1212421821308333
0.12125342677738782
0.12185052802000602
0.12286814421397982
0.12402804605915883
0.12501385851076063
0.12555603758790626
0.12550425771971233
0.12486776964545462
0.12381289395451879
0.12261832926884073
0.1216002840603196
0.12102754419707469
0.12104928864895577
0.12165503883179808
0.12267749405770431
0.12383748582225111
0.12481897153170342
0.12535392191914135
0.1252943018319094
0.12465181353641977
0.12359473254815198
0.12240269145029352
0.12139156134744558
0.12082861016911464
0.12086072584494055
0.1214749804580366
0.12250212286491599
0.12366205619662092
0.12463908049842443
0.12516668802406933
0.12509913564134637
0.12445057311090049
0.1233912222842595
0.12220163885515739
0.12119734635077481
0.12064408792138867
0.12068645881150972
0.12130908575850291
0.12234077571033856
0.1235005142500294
0.1244729542496293
0.12499311631436812
0.12491755097625995
0.124262851506338
0.12320117754546583
0.1220139970738394
0.12101647583434681
0.12047282533662117
0.12052534645697902
0.12115622452844975
0.12219233309784026
0.12335175099337103
0.12431949410185675
0.12483211823420243
0.12474846927192312
0.1240875800606203
0.12302353952594655
0.12183871713633353
0.12084791064589354
0.12031379304160801
0.12037636911004168
0.12101538667618646
0.1220557943539236
0.12321477498703563
0.12417771766531367
0.12468272028311642
0.12459092579718596
0.12392380273912247
0.12285736085638259
0.12167486033215386
0.12069072072948803
0.12016606960917545
0.12023861390854051
0.12088566779631542
0.12193026338254408
0.1230886982748036
0.12404674495438062
0.12454405030012372
0.12444405611005785
0.12377066275949161
0.12270179239541187
0.12152158516628957
0.12054407224309337
0.12002882883586101
0.12011126223488959
0.1207662567602183
0.12181493640891007
0.12297272427852354
0.1239257864310563
0.12441532565420992
0.12430708439278339
0.12362739106953587
0.12255607184826446
0.12137813611667574
0.12040721645352478
0.11990132877184206
0.11999357887945991
0.12065642501114555
0.12170909140418565
0.12286613735084434
0.12381413268404395
0.12429584304758243
0.12417931337806853
0.12349329639442384
0.1224195139335817
0.12124383391896709
0.12027948013730014
0.11978290223691901
0.11988490266953458
0.12055551730506738
0.1216120789365983
0.12276829373510889
0.12371114549567634
0.12418496968865637
0.12406011562636991
0.12336775661699734
0.12229150186529071
0.12111806714877824
0.12016025726233429
0.11967294859956383
0.1197846383453073
0.12046294368166909
0.12152331423662675
0.12267861372322007
0.12361625009142092
0.1240821356316918
0.12394892595456185
0.12325021129463257
0.1221714799564583
0.12100028491138626
0.12004900176190324
0.11957092663508359
0.11969224950040755
0.12037817248666886
0.12144227029951954
0.12259657483758643
0.12352892840020206
0.12398682711456452
0.12384523485018653
0.12314015514860971
0.12205894718309719
0.12088999047898565
0.11994522124494862
0.11947634830736871
0.1196072524345393
0.12030072429426174
0.12136847187703148
0.1225217058910144
0.12344871318151242
0.12389858075217922
0.12374858273052716
0.12303713238808509
0.12195345157205463
0.12078673574204718
0.11984847150975264
0.1193887733443383
0.11952921079009488
0.12023016660414326
0.12130149023377224
0.12245358180182364
0.1233751828985527
0.12381697846711584
0.12365855492949192
0.12294073175296517
0.12185458529935002
0.12069011636195734
0.11975835175065934
0.11930780449826194
0.11945773086495488
0.12016610920624686
0.12124093856357157
0.12239181906102724
0.12330795723562857
0.12374164305621636
0.1235747773135982
0.12285058217815933
0.12176198040197105
0.12059976753045093
0.11967450036423632
0.11923308339791874
0.11939245751061078
0.12010820012415262
0.12118646797731585
0.12233607176419121
0.12324669317341862
0.12367223430915555
0.12349691244265185
0.12276634899627069
0.12167530502238495
0.12051536025494462
0.11959659127531727
0.1191642869148939
0.11933307053813716
0.1200561220603085
0.1211377639871052
0.12228602813388977
0.1231910815493897
0.12360844560609041
0.1234246562046102
0.12268773060907756
0.12159426011604
0.12043659810208616
0.11952433071592626
0.11910112397781174
0.11927928156707313
0.12000958927918831
0.12109454342331995
0.12224140747049397
0.12314084404160507
0.12355000093435446
0.12335773486449135
0.12261445556851908
0.1215185765641275
0.12036321434178357
0.11945745440043559
0.11904333277803944
0.11923083126158568
0.11996834487363728
0.12105655173065316
0.12220195747719083
0.12309573052296441
0.12349665227114977
0.12329590247571195
0.12254628001596607
0.12144801264071506
0.12029496944190109
0.11939572504765891
0.11899067831879125
0.11918748690641755
0.11993215836720526
0.12102356059664304
0.12216745191485019
0.123055516741301
0.12344817728926008
0.12323893861042455
0.12248298543754856
0.12138235179250177
0.12023164887238992
0.11933893020891817
0.11894295026724257
0.11914904028253609
0.11990082361319246
0.12099536587379146
0.1221376885466032
0.12302000228702022
0.12340437734671396
0.12318664637166955
0.12242437669799698
0.1213214006944704
0.12017306118248267
0.11928688036670518
0.11889996107429907
0.11911530580788143
0.1198741569562439
0.12097178576178243
0.12211248734066811
0.122989008815519
0.12336507572934464
0.12313885065538784
0.12237028032240052
0.12126498755109005
0.12011903632099848
0.11923940727404411
0.1188615443327823
0.11908611891437976
0.1198519956277477
0.12095265922122016
0.12209168890195417
0.12296237849716178
0.1233301161183775
0.12309539663573414
0.12232054299878012
0.12121296061587708
0.12006942417332722
0.11919636250849992
0.11882755334843612
0.11906133463561612
0.11983419635032468
0.12093784459440138
0.12207515310932969
0.12293997267036061
0.12329936125938824
0.1230561484497604
0.12227503027850513
0.12116518690782316
0.12002409329299958
0.11915761621909857
0.11879785990214003
0.11904082638426616
0.11982063412999779
0.12092721841255277
0.12206275793749262
0.12292167067807508
0.12327269181348183
0.12302098806291537
0.1222336254560338
0.12112155110483531
0.11998292980945904
0.11912305604811209
0.11877235318547778
0.11902448490130536
0.1198112012193474
0.12092067437239268
0.12205439844681588
0.12290736887094929
0.12325000537322102
0.12298981429800912
0.12219622861077242
0.12108195459879563
0.11994583649572771
0.11909258621143777
0.11875093889374623
0.11901221736182074
0.11980580623550628
0.12091812246635804
0.12204998592594991
0.12289697976204798
0.12323121562965436
0.12296254201419975
0.1221627557979705
0.12104631469803216
0.11991273198278342
0.11906612672465687
0.11873353846390379
0.11900394662425112
0.11980437342111451
0.12091948825533497
0.12204944717573504
0.12289043132190787
0.12321625167842563
0.12293910142409256
0.12213313837677178
0.12101456396662194
0.11988355010973771
0.11904361276432449
0.1187200884465193
0.11899961061344069
0.11980684203813245
0.12092471227277043
0.12205272392407429
0.12288766640397024
0.12320505745561153
0.12291943754004223
0.12210732246701891
0.12098664969114775
0.11985823940094631
0.11902499415504057
0.11871054000313296
0.1189991618280658
0.11981316588520588
0.1209337495522648
0.12205977236331418
0.12288864229192178
0.12319759129482721
0.12290350974108312
0.12208526852578594
0.1209625334673505
0.11983676266233388
0.1190102349758531
0.11870485852242071
0.11900256696646769
0.11982331293330063
0.12094656927276806
0.12207056280507729
0.12289333036380455
0.12319382560094987
0.12289129145585434
0.12206695103964899
0.1209421909015048
0.11981909669220205
0.11899931327998696
0.11870302334934672
0.11900980666510409
0.1198372650733652
0.12096315451543288
0.12208507944621516
0.1229017158672697
0.12319374663415654
0.12288276995596682
0.12205235832727071
0.12092561142215727
0.11980523210199678
0.11899222092527299
0.11870502762436252
0.11902087534691556
0.1198550179737365
0.12098350213005331
0.12210332024423234
0.12291379780378216
0.12319735440346244
0.12287794625806191
0.1220414924502922
0.12091279819995676
0.11979517324511317
0.11898896351139168
0.11871087822997485
0.11903578117681343
0.11987658104462602
0.12100762270845748
0.12212529689960766
0.12292958891997828
0.12320466266640541
0.1228768351327358
0.12203436923093372
0.12090376817416702
0.11978893825228708
0.11898956042452087
0.11872059584428077
0.11905454612418555
0.1199019775096007
0.12103554066496515
0.12215103494514282
0.12294911580572632
0.12321569903643839
0.12287946522065189
0.12203101837734898
0.1208985521868609
0.11978655917491027
0.11899404498960099
0.11873421510217513
0.11907720613316007
0.11993124458490972
0.12106729442470958
0.12218057394331168
0.12297241910064939
0.123230505198301
0.12288587925688715
0.12203148371696533
0.12089719522563142
0.11978808223678215
0.11900246473145472
0.11875178486593732
0.11910381140270171
0.11996443376882153
0.12110293672261002
0.12221396779464369
0.12299955381189875
0.12324913723516223
0.12289613440778178
0.12203582354267146
0.12089975677908646
0.11979356819943303
0.11901488174948904
0.11877336860963267
0.11913442678048376
0.12000161124548624
0.12114253501654197
0.12225128516067071
0.12303058974680625
0.12327166607120855
0.12291030272301257
0.12204411107501045
0.12090631130917756
0.11980309284426265
0.11903137321036505
0.11879904492173166
0.11916913227597263
0.12004285840809298
0.12118617202109983
0.1222926100079659
0.12306561206715867
0.12329817803611579
0.1229284717108222
0.12205643504761483
0.12091694884717642
0.1198167475792914
0.1190520319651534
0.11882890813337109
0.11920802369943787
0.1200882725088545
0.12123394636841146
0.12233804227990437
0.12310472197220178
0.12332877555925838
0.12295074504309395
0.12207290042383913
0.1209317757214763
0.11983464017840048
0.11907696730023809
0.11886306908072708
0.11925121343598323
0.1201379674447495
0.12128597340578336
0.12238769870613378
0.12314803751984552
0.12336357800276332
0.12297724340061836
0.12209362925389933
0.12095091542722251
0.1198568956633117
0.11910630583172167
0.11890165601204503
0.11929883136530987
0.12019207469011055
0.12134238614094296
0.12244171376082898
0.12319569459787759
0.12340272264584641
0.12300810547050171
0.12211876168564166
0.12097450965028839
0.1198836573410618
0.11914019255662368
0.11894481565249077
0.11935102594045918
0.1202507443892448
0.12140333634877445
0.1225002407833618
0.12324784805885663
0.12344636583395752
0.1230434891096768
0.12214845714264673
0.12100271946022961
0.11991508801172279
0.11917879207557469
0.11899271444218015
0.11940796544100468
0.12031414662492951
0.12146899585534134
0.12256345327799649
0.12330467303553537
0.12349468430995138
0.12308357269215729
0.12218289568749867
0.12103572668952671
0.11995137136438333
0.11922229000528146
0.11904553996526894
0.11946983941917717
0.1203824728818751
0.12153955801837084
0.1226315464116628
0.12336636645598481
0.12354787674693399
0.12312855665943681
0.12222227959020675
0.12107373552056166
0.11999271358208077
0.11927089460225791
0.11910350259242009
0.11953686036114737
0.12045593772672065
0.12161523942659347
0.12270473873273724
0.12343314878182914
0.12360616550618392
0.12317866529852935
0.12226683512615788
0.12111697430354552
0.1200393451805758
0.11932483862211814
0.11916683736119552
0.11960926558861865
0.12053478073118724
0.12169628184451645
0.12278327413729016
0.12350526599670836
0.12366979864749052
0.12323414877445292
0.12231681463149881
0.1211656976349666
0.12009152310978512
0.11938438144457851
0.11923580612449243
0.119687319431206
0.12061926866857214
0.12178295443301392
0.12286742411454041
0.12358299187619251
0.1237390522243713
0.12329528545083344
0.12237249884902476
0.12122018872923442
0.12014953315159192
0.1194498114975516
0.11931070000168952
0.11977131570453346
0.12070969801909814
0.1218755562823697
0.12295749030754609
0.12366663057674976
0.12381423290134674
0.1233623845359455
0.12243419960349596
0.12128076212342441
0.12021369265436804
0.11952144902205841
0.11939184217369535
0.11986158053613859
0.12080639782687239
0.12197441930074293
0.12305380743340562
0.12375651958790083
0.12389568093845044
0.12343578909981232
0.12250226285165615
0.12134776676084404
0.12028435365054393
0.11959964922375514
0.11947959106942689
0.11995847558693165
0.12090973295690192
0.12207991150682922
0.12315674661213284
0.12385303309772162
0.12398377359370616
0.1235158795142399
0.12257707216025496
0.12142158950731806
0.12036190641151333
0.11968480586751276
0.11957434400001038
0.12006240172577373
0.12102010781026655
0.12219244078619768
0.12326671916459092
0.12395658583277767
0.12407892900564128
0.12360307737823141
0.12265905267501867
0.12150265916434598
0.12044678350568187
0.11977735538023286
0.11967654130741637
0.12017380322420954
0.12113797056574845
0.12231245918035634
0.12338418094930394
0.12406763744336205
0.1241816106273922
0.12369785000173401
0.12274867565445084
0.12159145105363169
0.12053946443418243
0.11987778153910289
0.11978667110536102
0.1202931725509045
0.12126381802810826
0.12244046778941123
0.12350963732052286
0.12418669751737833
0.12429233229723366
0.12380071553333306
0.12284646365566851
0.1216884922616081
0.12064048093511257
0.11998662083577678
0.11990527470464142
0.12042105585860456
0.1213982011776868
0.12257702238527435
0.12364364880525222
0.12431433132236618
0.1244116640460877
0.12391224883442407
0.12295299647572785
0.12179436764920826
0.12075042306225352
0.12010446862527827
0.1200329528328195
0.12055805927576448
0.12154173153471372
0.12272273984919269
0.12378683761550772
0.12445116639282383
0.12454023876151939
0.12403308822022377
0.12306891797120968
0.12190972675053546
0.12086994616438429
0.1202319861866924
0.12017037277761107
0.12070485613349666
0.12169508847091068
0.12287830556946248
0.12393989513272313
0.12459790010306847
0.12467875984923961
0.12416394321195012
0.1231949439017577
0.12203529170939671
0.12099977891571542
0.12036990884907597
0.12031827660932519
0.12086219528591849
0.12185902762909077
0.12304448196122612
0.1241035905293966
0.12475530839148716
0.1248280100623724
0.12430560347167748
0.12333187097225785
0.12217186643025761
0.12114073257711426
0.1205190553644735
0.12047749066713882
0.12103091071133053
0.12203439064064615
0.12322211830199606
0.12427878072407167
0.1249242558370056
0.12498886170018476
0.12445894912565884
0.12348058728238052
0.12232034715568664
0.12129371170342601
0.12068033874661566
0.12064893653149887
0.121211932619689
0.12222211637014833
0.1234121621152799
0.12446642190581321
0.12510570732613185
0.12516228842024985
0.12462496272327499
0.12364208443457791
0.12248173472529506
0.12145972655564559
0.12085477883873898
0.12083364374921012
0.12140630033782089
0.12242325396272032
0.12361567238225656
0.12466758291264084
0.12530074160061383
0.12534937895745593
0.12480474312994597
0.12381747160326446
0.122657148824276
0.12163990753089655
0.12104351692783048
0.12103276463491235
0.12161517730035684
0.12263897802725753
0.12383383492014981
0.12488346080781945
0.12551056703446523
0.1255513531047167
0.12499952171472069
0.12400799193229034
0.12284784459348065
0.1218355219888861
0.12124783279029937
0.12124759153921671
0.12183986854386959
0.12287060635983285
0.12406798033832692
0.12511539907202446
0.12573654006552565
0.12576958038771618
0.12521068127158616
0.12421504170670578
0.12305523205557999
0.1220479939360555
0.12146916463835604
0.12147957706100779
0.12208184118921286
0.1231196207001835
0.12431960507280902
0.12536490892009997
0.1259801867991987
0.1260056019597401
0.12543977820996827
0.12444019284332973
0.12328089891057546
0.12227892713066402
0.12170913253916377
0.12173035778623215
0.12234274850435806
0.12338769112374079
0.12459039611280298
0.12563369436741859
0.1262432284193724
0.12626115636258706
0.1256885686712118
0.12468521936879526
0.1235266373805312
0.12253013230034317
0.12196956601166467
0.12200178226904398
0.1226244582766656
0.12367670481093566
0.12488226017334729
0.12592368181196137
0.12652761118676095
0.12653820994824413
0.12595903938018888
0.12495212870756782
0.1237944759417744
0.12280365932549855
0.1222525366677925
0.12229594413926743
0.12292908639350858
0.12398880010900548
0.1251973582458916
0.12623705508199853
0.12683554199188005
0.12683899294464857
0.12625344423279433
0.12524319879991624
0.124086716981907
0.12310183544422085
0.12256039697512744
0.12261522143132261
0.12325903674744114
0.12432640702255089
0.12553814668440927
0.12657629712731305
0.12716953066138256
0.12716604238825907
0.1265743478646052
0.12556102231794056
0.12440598167390605
0.12342731079605308
0.12289582648126181
0.12296232350108466
0.1236170488572262
0.1246922955511642
0.12590742627139173
0.1269442398263745
0.12753244051917448
0.12752225345175097
0.126924677759027
0.12590855956699842
0.12475526368522462
0.12378311295253518
0.1232618871804002
0.12334034724327853
0.12400625495058695
0.12508963365262857
0.12630840107726296
0.12734412375762352
0.12792754908561715
0.1279109410875685
0.127307786851965
0.12628920206910502
0.12513799375690196
0.12417271251001599
0.12366209013799148
0.12375284476639871
0.1244302487087174
0.12552205707608602
0.12674474940178157
0.12777967026916
0.12835862129611952
0.12833591441650014
0.1277275291111436
0.12670684935480014
0.1255581177306677
0.12460010237467166
0.12410047605683762
0.12420390526347795
0.12489316846558306
0.12599375391470122
0.12722070970522456
0.12825516881385335
0.1288299982661975
0.12880156694926714
0.12818835124230404
0.1271660021816187
0.12602019130792244
0.12506989409109653
0.12458171320520554
0.12469825456991776
0.1253997984266499
0.1265095675167087
0.12774118524380726
0.12877558334246544
0.12934670547601743
0.1293129865969123
0.12869540456016396
0.12767187630185908
0.12652949575114786
0.1255874355150704
0.12511121709883538
0.12524137689448775
0.12595569248863092
0.127075122434876
0.12831187219073464
0.12934668263879537
0.12991458536327882
0.12987609056622407
0.12925468223209502
0.12823054210115517
0.12709217996510067
0.12615895538610325
0.12569529761531795
0.1258396645258679
0.12656732659048447
0.12769697947517872
0.12893941743729492
0.1299752009287998
0.13054046079746714
0.13049779175720272
0.12987318865883601
0.128849097023132
0.1277154360283085
0.12679174202957946
0.12634134093199775
0.12650060307369065
0.1272422873260117
0.1283828277511119
0.12963161416007413
0.13066903703429758
0.1312323378948995
0.1311862053166196
0.1305591498446903
0.1295358798377854
0.1284077174412514
0.1274943656695728
0.12705803598991278
0.127233002171753
0.12798950697707687
0.12914172413938782
0.1303976457944982
0.13143750296135107
0.13199965932183455
0.13195090675762364
0.1313222764386949
0.13030073871018136
0.12917901233347262
0.12827695688626065
0.12785565831674833
0.12804728478495553
0.1288195584249826
0.129984393920097
0.13124839253031026
0.13229163638134991
0.13285362289433914
0.13280325681520805
0.13217409498572588
0.13115536899172708
0.13004118794141306
0.1291515579320404
0.12874642833611769
0.1289558526701904
0.12974502792630624
0.13092361103391537
0.13219681922187834
0.13324459636998215
0.13380758532617545
0.1337568133881804
0.13312836825200203
0.1321137421237133
0.13100842829040102
0.13013256939657084
0.12974496722608733
0.12997355164429872
0.1307809900117044
0.13197468283953734
0.13325847023740017
0.13431216858797201
0.13487757798702807
0.13482785812703998
0.1342016329026172
0.13319265467071018
0.13209779485736314
0.13123732277990113
0.13086888169130315
0.13111826885183198
0.1319456175536613
0.13315607329409226
0.13445210607326763
0.1355134156593219
0.1360829713843263
0.13603607536837461
0.1354138932464436
0.13441243724472307
0.1333299510527283
0.1324868209215308
0.13213952073942192
0.132411706300212
0.13326097248350513
0.13449021128700328
0.13580052975235002
0.1368715220943971
0.13744733908383644
0.13740543553999415
0.1367895246268686
0.13579787839672142
0.1347301071433695
0.133906704500343
0.13358296431954092
0.1338803922143643
0.1347540404571785
0.13600454922909613
0.13733166996643392
0.13841490263444448
0.13899959192464265
0.13896535593397819
0.1383584614613734
0.137379440652493
0.13632926503597206
0.13552852633972315
0.1352313279466844
0.13555701680252538
0.13645809860848884
0.13773296366570573
0.13908001544830406
0.14017867130904266
0.1407754827170222
0.14075224202954176
0.14015777620452152
0.13919487816205747
0.13816587569245967
0.1373914497016628
0.13712450302203272
0.13748221578608827
0.13841454351003402
0.13971762892810508
0.1410885356131336
0.14220661040850954
0.14281962492950687
0.14281155732321038
0.14223380179504477
0.14129141328575245
0.14028807142542163
0.13954453791372415
0.139312505466488
0.13970697976912064
0.1406753630647468
0.14201155339194413
0.14341128308981463
0.14455384125691287
0.1451882337379191
0.14520063675568068
0.14464501963329027
0.14372870136724383
0.14275670978827204
0.1420498797752682
0.14185868512345903
0.14229595020318386
0.14330652168458846
0.14468205661341085
0.14611696565136972
0.14729049387210644
0.14795289645175258
0.14799256104659733
0.14746604107579117
0.14658292275317963
0.14564957960227715
0.14498691319815973
0.1448441707456643
0.14533198958426163
0.1463926597007334
0.1478156020967207
0.1492939166334059
0.1505068194818343
0.15120583173507998
0.15128156739435897
0.15079317456059696
0.1499525114710474
0.14906729650184136
0.1484584931273624
0.14837411600302383
0.14892261147079194
0.1500437135320454
0.1515246139832281
0.15305711475040595
0.15432042032152557
0.15506733649740126
0.15519072083887445
0.1547523291007832
0.15396629880177465
0.15314169483714876
0.15259954034059645
0.15258661407354004
0.1532091701020775
0.1544043899246706
0.1559572458758839
0.15755825785667138
0.1588866390868695
0.15969650221336212
0.15988296906338528
0.15951041963962337
0.15879528173798887
0.15804797228218453
0.1575895757721781
0.15766563579070228
0.15838021704187652
0.15966795635421285
0.16131162087886386
0.16300046914409774
0.16441374848110227
0.16530690571191337
0.16557735304863508
0.16529211695773594
0.16466993232875016
0.16402257963553277
0.16367121265825751
0.16386014693143391
0.16469126735796932
0.1660966808383039
0.16785697082201004
0.16966016264256886
0.17118557098961865
0.1721900124084271
0.17257322418547216
0.17240491038467273
0.17190613906422977
0.17139007536964332
0.1711779602247452
0.1715128985666536
0.172494615781007
0.1740527147465745
0.17596562833962728
0.1779201890425158
0.1795958248639439
0.18075077090146235
0.18128713806340488
0.18127735358488958
0.18094485979503397
0.1806042432571843
0.18057686614643054
0.18110465715027235
0.18228522001516445
0.18404569784980354
0.18616242523652074
0.18832110215954273
0.19020133681985066
0.1915628535469306
0.192310208234215
0.1925186206647096
0.19241397335398253
0.1923123368830001
0.1925352557201668
0.193323544720817
0.19477275314340642
0.19680763912867874
0.19920252315235978
0.20164206639504617
0.2038061589679003
0.2054561215204307
0.20649906431966547
0.20701310876386111
0.20722668487679882
0.2074574530367503
0.20802724607059134
0.20917587437003904
0.21099694883102108
0.21341296853358468
0.21619637737871417
0.2190309471287604
0.22159700965937223
0.22365764970040777
0.2251227045689729
0.22607337232555227
0.2267408065707159
0.2274444348543549
0.22850655896095184
0.23016617176055626
0.23251514263788478
0.23547392151194127
0.23881330061383388
0.24221640253045423
0.2453642551864943
0.24802197322454816
0.25010239545216706
0.25169007712564145
0.2530191807172265
0.25441119129372786
0.2561891769072147
0.25859162028417765
0.26170897027660345
0.2654599653042923
0.269614102135369
0.2738542291238452
0.2778624624227976
0.2814063532359981
0.2844021596882175
0.286938220286819
0.2892521388023603
0.29166789628545847
0.2945097727496638
0.2980161959555432
0.3022766614305365
0.30720867726542556
0.3125809404169657
0.3180765337604029
0.32337918020671946
0.32825939093711654
0.33263736595406906
0.3366057429546892
0.34040607124656014
0.3443653164022263
0.34880944025360777
0.3539772643009851
0.3599577554962786
0.36666758826818313
0.3738750220166121
0.38126369286554657
0.3885191936322595
0.39541518833716277
0.4018759246679463
0.4079983401521884
0.41402780624220514
0.4202940062483311
0.4271241536042935
0.43475684852946833
0.4432797058837908
0.4526075072817616
0.46250674816803106
0.4726599874836338
0.48275271126963487
0.4925593660078275
0.5020054309021703
0.5111888253403716
0.5203548639174853
0.5298314456516281
0.539941845868187
0.5509184986007215
0.5628408957559672
0.5756142549924151
0.5889946585161835
0.6026538798998649
0.6162664490739707
0.629595523033393
0.6425544403058702
0.6552273596164299
0.6678433674783694
0.6807109365080068
0.6941302696213312
0.7083070126533655
0.7232904603339649
0.7389528121709554
0.7550150183027472
0.7711122489514919
0.7868813840986445
0.8020470106647947
0.8164828219249228
0.8302319307998166
0.8434806594915903
0.8564928853440748
0.8695226443779128
0.8827285652965966
0.8961132484800135
0.9095040368810631
0.922580537072987
0.9349417153710633
0.9461947813907664
0.9560422301406659
0.9643439135588396
0.9711377202310726
0.976613557222243
0.981047865472867
0.9847164921745648
0.9878095438556745
0.9903712930568982
0.9922814558734732
0.9932830108827033
0.9930491861691972
0.9912716709520625
0.9877463534658528
0.9824334964797623
0.9754760761320299
0.9671712016684548
0.9579020994677242
0.9480487103353362
0.937900676247459
0.9275958418057448
0.9171005394404076
0.9062367054168796
0.8947482986567367
0.8823889432717629
0.8690070228066054
0.8546051495434378
0.8393578302394084
0.8235823984202335
0.8076708615431614
0.792000839575161
0.7768494200407597
0.7623330036228412
0.7483892629460089
0.7348060501116567
0.7212894962506193
0.7075530309964791
0.6934034368823515
0.6788008528453495
0.6638766399755508
0.6489043435376629
0.6342315886358605
0.6201912476133103
0.6070157939684172
0.5947779105885678
0.5833733749081342
0.5725508907864361
0.5619809249138167
0.5513451221521032
0.5404223365419122
0.5291482122726752
0.5176323429954094
0.5061284250232189
0.4949654427845811
0.4844583928991898
0.4748225535882899
0.46611435945550955
0.4582147999880521
0.4508598397423648
0.4437097255106001
0.43643859399716145
0.4288203312068638
0.42078763105279426
0.41244839032631
0.4040550309624241
0.39593498309448233
0.3884009978623914
0.38166538313551135
0.37578120924052644
0.37062629409064657
0.3659342898403126
0.3613645407043915
0.356591962396369
0.35139280756807706
0.34570327742667983
0.3396352253747809
0.3334447191212627
0.32746188992183545
0.3220009002756352
0.3172742091233849
0.31333416787745416
0.3100576468343438
0.3071778375182417
0.3043547045643849
0.30126517464058084
0.2976888405905641
0.2935661546521676
0.2890134664785209
0.2842908490213704
0.27973133688022495
0.275650571118757
0.2722611153017052
0.269614461756018
0.2675863170156698
0.26590913474476713
0.2642431733384838
0.2622670028103532
0.259763153488884
0.25667589495411564
0.2531256118870339
0.24937589747229588
0.245762185548804
0.24260107836400513
0.24010472007585265
0.23832321997781378
0.2371306029313193
0.2362580772352331
0.23536570021899053
0.23413320322919626
0.23234558330376484
0.22995046535267663
0.22707181344431943
0.22397629031751093
0.22100128349039924
0.21846391779363628
0.21657548949300678
0.21538431018958692
0.2147623255687024
0.2144391203012327
0.21407419191886448
0.21334809230333096
0.21204795925401287
0.2101244581248535
0.20770482501779508
