0.0
1.5
3.0
4.5
6.0
7.5
9.0
10.5
12.0
13.5
15.0
16.5
18.0
19.5
21.0
22.5
24.0
25.5
27.0
28.5
30.0
31.5
33.0
34.5
36.0
37.5
39.0
40.5
42.0
43.5
45.0
46.5
48.0
49.5
51.0
52.5
54.0
55.5
57.0
58.5
60.0
61.5
63.0
64.5
66.0
67.5
69.0
70.5
72.0
73.5
75.0
76.5
78.0
79.5
81.0
82.5
84.0
85.5
87.0
88.5
90.0
91.5
93.0
94.5
96.0
97.5
99.0
100.5
102.0
103.5
105.0
106.5
108.0
109.5
111.0
112.5
114.0
115.5
117.0
118.5
120.0
121.5
123.0
124.5
126.0
127.5
129.0
130.5
132.0
133.5
135.0
136.5
138.0
139.5
141.0
142.5
144.0
145.5
147.0
148.5
150.0
151.5
153.0
154.5
156.0
157.5
159.0
160.5
162.0
163.5
165.0
166.5
168.0
169.5
171.0
172.5
174.0
175.5
177.0
178.5
180.0
181.5
183.0
184.5
186.0
187.5
189.0
190.5
192.0
193.5
195.0
196.5
198.0
199.5
201.0
202.5
204.0
205.5
207.0
208.5
210.0
211.5
213.0
214.5
216.0
217.5
219.0
220.5
222.0
223.5
225.0
226.5
228.0
229.5
231.0
232.5
234.0
235.5
237.0
238.5
240.0
241.5
243.0
244.5
246.0
247.5
249.0
250.5
252.0
253.5
255.0
256.5
258.0
259.5
261.0
262.5
264.0
265.5
267.0
268.5
270.0
271.5
273.0
274.5
276.0
277.5
279.0
280.5
282.0
283.5
285.0
286.5
288.0
289.5
291.0
292.5
294.0
295.5
297.0
298.5
300.0
301.5
303.0
304.5
306.0
307.5
309.0
310.5
312.0
313.5
315.0
316.5
318.0
319.5
321.0
322.5
324.0
325.5
327.0
328.5
330.0
331.5
333.0
334.5
336.0
337.5
339.0
340.5
342.0
343.5
345.0
346.5
348.0
349.5
351.0
352.5
354.0
355.5
357.0
358.5
360.0
361.5
363.0
364.5
366.0
367.5
369.0
370.5
372.0
373.5
375.0
376.5
378.0
379.5
381.0
382.5
384.0
385.5
387.0
388.5
390.0
391.5
393.0
394.5
396.0
397.5
399.0
400.5
402.0
403.5
405.0
406.5
408.0
409.5
411.0
412.5
414.0
415.5
417.0
418.5
420.0
421.5
423.0
424.5
426.0
427.5
429.0
430.5
432.0
433.5
435.0
436.5
438.0
439.5
441.0
442.5
444.0
445.5
447.0
448.5
450.0
451.5
453.0
454.5
456.0
457.5
459.0
460.5
462.0
463.5
465.0
466.5
468.0
469.5
471.0
472.5
474.0
475.5
477.0
478.5
480.0
481.5
483.0
484.5
486.0
487.5
489.0
490.5
492.0
493.5
495.0
496.5
498.0
499.5
501.0
502.5
504.0
505.5
507.0
508.5
510.0
511.5
513.0
514.5
516.0
517.5
519.0
520.5
522.0
523.5
525.0
526.5
528.0
529.5
531.0
532.5
534.0
535.5
537.0
538.5
540.0
541.5
543.0
544.5
546.0
547.5
549.0
550.5
552.0
553.5
555.0
556.5
558.0
559.5
561.0
562.5
564.0
565.5
567.0
568.5
570.0
571.5
573.0
574.5
576.0
577.5
579.0
580.5
582.0
583.5
585.0
586.5
588.0
589.5
591.0
592.5
594.0
595.5
597.0
598.5
600.0
601.5
603.0
604.5
606.0
607.5
609.0
610.5
612.0
613.5
615.0
616.5
618.0
619.5
621.0
622.5
624.0
625.5
627.0
628.5
630.0
631.5
633.0
634.5
636.0
637.5
639.0
640.5
642.0
643.5
645.0
646.5
648.0
649.5
651.0
652.5
654.0
655.5
657.0
658.5
660.0
661.5
663.0
664.5
666.0
667.5
669.0
670.5
672.0
673.5
675.0
676.5
678.0
679.5
681.0
682.5
684.0
685.5
687.0
688.5
690.0
691.5
693.0
694.5
696.0
697.5
699.0
700.5
702.0
703.5
705.0
706.5
708.0
709.5
711.0
712.5
714.0
715.5
717.0
718.5
720.0
721.5
723.0
724.5
726.0
727.5
729.0
730.5
732.0
733.5
735.0
736.5
738.0
739.5
741.0
742.5
744.0
745.5
747.0
748.5
750.0
751.5
753.0
754.5
756.0
757.5
759.0
760.5
762.0
763.5
765.0
766.5
768.0
769.5
771.0
772.5
774.0
775.5
777.0
778.5
780.0
781.5
783.0
784.5
786.0
787.5
789.0
790.5
792.0
793.5
795.0
796.5
798.0
799.5
801.0
802.5
804.0
805.5
807.0
808.5
810.0
811.5
813.0
814.5
816.0
817.5
819.0
820.5
822.0
823.5
825.0
826.5
828.0
829.5
831.0
832.5
834.0
835.5
837.0
838.5
840.0
841.5
843.0
844.5
846.0
847.5
849.0
850.5
852.0
853.5
855.0
856.5
858.0
859.5
861.0
862.5
864.0
865.5
867.0
868.5
870.0
871.5
873.0
874.5
876.0
877.5
879.0
880.5
882.0
883.5
885.0
886.5
888.0
889.5
891.0
892.5
894.0
895.5
897.0
898.5
900.0
901.5
903.0
904.5
906.0
907.5
909.0
910.5
912.0
913.5
915.0
916.5
918.0
919.5
921.0
922.5
924.0
925.5
927.0
928.5
930.0
931.5
933.0
934.5
936.0
937.5
939.0
940.5
942.0
943.5
945.0
946.5
948.0
949.5
951.0
952.5
954.0
955.5
957.0
958.5
960.0
961.5
963.0
964.5
966.0
967.5
969.0
970.5
972.0
973.5
975.0
976.5
978.0
979.5
981.0
982.5
984.0
985.5
987.0
988.5
990.0
991.5
993.0
994.5
996.0
997.5
999.0
1000.5
1002.0
1003.5
1005.0
1006.5
1008.0
1009.5
1011.0
1012.5
1014.0
1015.5
1017.0
1018.5
1020.0
1021.5
1023.0
1024.5
1026.0
1027.5
1029.0
1030.5
1032.0
1033.5
1035.0
1036.5
1038.0
1039.5
1041.0
1042.5
1044.0
1045.5
1047.0
1048.5
1050.0
1051.5
1053.0
1054.5
1056.0
1057.5
1059.0
1060.5
1062.0
1063.5
1065.0
1066.5
1068.0
1069.5
1071.0
1072.5
1074.0
1075.5
1077.0
1078.5
1080.0
1081.5
1083.0
1084.5
1086.0
1087.5
1089.0
1090.5
1092.0
1093.5
1095.0
1096.5
1098.0
1099.5
1101.0
1102.5
1104.0
1105.5
1107.0
1108.5
1110.0
1111.5
1113.0
1114.5
1116.0
1117.5
1119.0
1120.5
1122.0
1123.5
1125.0
1126.5
1128.0
1129.5
1131.0
1132.5
1134.0
1135.5
1137.0
1138.5
1140.0
1141.5
1143.0
1144.5
1146.0
1147.5
1149.0
1150.5
1152.0
1153.5
1155.0
1156.5
1158.0
1159.5
1161.0
1162.5
1164.0
1165.5
1167.0
1168.5
1170.0
1171.5
1173.0
1174.5
1176.0
1177.5
1179.0
1180.5
1182.0
1183.5
1185.0
1186.5
1188.0
1189.5
1191.0
1192.5
1194.0
1195.5
1197.0
1198.5
1200.0
1201.5
1203.0
1204.5
1206.0
1207.5
1209.0
1210.5
1212.0
1213.5
1215.0
1216.5
1218.0
1219.5
1221.0
1222.5
1224.0
1225.5
1227.0
1228.5
1230.0
1231.5
1233.0
1234.5
1236.0
1237.5
1239.0
1240.5
1242.0
1243.5
1245.0
1246.5
1248.0
1249.5
1251.0
1252.5
1254.0
1255.5
1257.0
1258.5
1260.0
1261.5
1263.0
1264.5
1266.0
1267.5
1269.0
1270.5
1272.0
1273.5
1275.0
1276.5
1278.0
1279.5
1281.0
1282.5
1284.0
1285.5
1287.0
1288.5
1290.0
1291.5
1293.0
1294.5
1296.0
1297.5
1299.0
1300.5
1302.0
1303.5
1305.0
1306.5
1308.0
1309.5
1311.0
1312.5
1314.0
1315.5
1317.0
1318.5
1320.0
1321.5
1323.0
1324.5
1326.0
1327.5
1329.0
1330.5
1332.0
1333.5
1335.0
1336.5
1338.0
1339.5
1341.0
1342.5
1344.0
1345.5
1347.0
1348.5
1350.0
1351.5
1353.0
1354.5
1356.0
1357.5
1359.0
1360.5
1362.0
1363.5
1365.0
1366.5
1368.0
1369.5
1371.0
1372.5
1374.0
1375.5
1377.0
1378.5
1380.0
1381.5
1383.0
1384.5
1386.0
1387.5
1389.0
1390.5
1392.0
1393.5
1395.0
1396.5
1398.0
1399.5
1401.0
1402.5
1404.0
1405.5
1407.0
1408.5
1410.0
1411.5
1413.0
1414.5
1416.0
1417.5
1419.0
1420.5
1422.0
1423.5
1425.0
1426.5
1428.0
1429.5
1431.0
1432.5
1434.0
1435.5
1437.0
1438.5
1440.0
1441.5
1443.0
1444.5
1446.0
1447.5
1449.0
1450.5
1452.0
1453.5
1455.0
1456.5
1458.0
1459.5
1461.0
1462.5
1464.0
1465.5
1467.0
1468.5
1470.0
1471.5
1473.0
1474.5
1476.0
1477.5
1479.0
1480.5
1482.0
1483.5
1485.0
1486.5
1488.0
1489.5
1491.0
1492.5
1494.0
1495.5
1497.0
1498.5
1500.0
1501.5
1503.0
1504.5
1506.0
1507.5
1509.0
1510.5
1512.0
1513.5
1515.0
1516.5
1518.0
1519.5
1521.0
1522.5
1524.0
1525.5
1527.0
1528.5
1530.0
1531.5
1533.0
1534.5
1536.0
1537.5
1539.0
1540.5
1542.0
1543.5
1545.0
1546.5
1548.0
1549.5
1551.0
1552.5
1554.0
1555.5
1557.0
1558.5
1560.0
1561.5
1563.0
1564.5
1566.0
1567.5
1569.0
1570.5
1572.0
1573.5
1575.0
1576.5
1578.0
1579.5
1581.0
1582.5
1584.0
1585.5
1587.0
1588.5
1590.0
1591.5
1593.0
1594.5
1596.0
1597.5
1599.0
1600.5
1602.0
1603.5
1605.0
1606.5
1608.0
1609.5
1611.0
1612.5
1614.0
1615.5
1617.0
1618.5
1620.0
1621.5
1623.0
1624.5
1626.0
1627.5
1629.0
1630.5
1632.0
1633.5
1635.0
1636.5
1638.0
1639.5
1641.0
1642.5
1644.0
1645.5
1647.0
1648.5
1650.0
1651.5
1653.0
1654.5
1656.0
1657.5
1659.0
1660.5
1662.0
1663.5
1665.0
1666.5
1668.0
1669.5
1671.0
1672.5
1674.0
1675.5
1677.0
1678.5
1680.0
1681.5
1683.0
1684.5
1686.0
1687.5
1689.0
1690.5
1692.0
1693.5
1695.0
1696.5
1698.0
1699.5
1701.0
1702.5
1704.0
1705.5
1707.0
1708.5
1710.0
1711.5
1713.0
1714.5
1716.0
1717.5
1719.0
1720.5
1722.0
1723.5
1725.0
1726.5
1728.0
1729.5
1731.0
1732.5
1734.0
1735.5
1737.0
1738.5
1740.0
1741.5
1743.0
1744.5
1746.0
1747.5
1749.0
1750.5
1752.0
1753.5
1755.0
1756.5
1758.0
1759.5
1761.0
1762.5
1764.0
1765.5
1767.0
1768.5
1770.0
1771.5
1773.0
1774.5
1776.0
1777.5
1779.0
1780.5
1782.0
1783.5
1785.0
1786.5
1788.0
1789.5
1791.0
1792.5
1794.0
1795.5
1797.0
1798.5
1800.0
1801.5
1803.0
1804.5
1806.0
1807.5
1809.0
1810.5
1812.0
1813.5
1815.0
1816.5
1818.0
1819.5
1821.0
1822.5
1824.0
1825.5
1827.0
1828.5
1830.0
1831.5
1833.0
1834.5
1836.0
1837.5
1839.0
1840.5
1842.0
1843.5
1845.0
1846.5
1848.0
1849.5
1851.0
1852.5
1854.0
1855.5
1857.0
1858.5
1860.0
1861.5
1863.0
1864.5
1866.0
1867.5
1869.0
1870.5
1872.0
1873.5
1875.0
1876.5
1878.0
1879.5
1881.0
1882.5
1884.0
1885.5
1887.0
1888.5
1890.0
1891.5
1893.0
1894.5
1896.0
1897.5
1899.0
1900.5
1902.0
1903.5
1905.0
1906.5
1908.0
1909.5
1911.0
1912.5
1914.0
1915.5
1917.0
1918.5
1920.0
1921.5
1923.0
1924.5
1926.0
1927.5
1929.0
1930.5
1932.0
1933.5
1935.0
1936.5
1938.0
1939.5
1941.0
1942.5
1944.0
1945.5
1947.0
1948.5
1950.0
1951.5
1953.0
1954.5
1956.0
1957.5
1959.0
1960.5
1962.0
1963.5
1965.0
1966.5
1968.0
1969.5
1971.0
1972.5
1974.0
1975.5
1977.0
1978.5
1980.0
1981.5
1983.0
1984.5
1986.0
1987.5
1989.0
1990.5
1992.0
1993.5
1995.0
1996.5
1998.0
1999.5
2001.0
2002.5
2004.0
2005.5
2007.0
2008.5
2010.0
2011.5
2013.0
2014.5
2016.0
2017.5
2019.0
2020.5
2022.0
2023.5
2025.0
2026.5
2028.0
2029.5
2031.0
2032.5
2034.0
2035.5
2037.0
2038.5
2040.0
2041.5
2043.0
2044.5
2046.0
2047.5
2049.0
2050.5
2052.0
2053.5
2055.0
2056.5
2058.0
2059.5
2061.0
2062.5
2064.0
2065.5
2067.0
2068.5
2070.0
2071.5
2073.0
2074.5
2076.0
2077.5
2079.0
2080.5
2082.0
2083.5
2085.0
2086.5
2088.0
2089.5
2091.0
2092.5
2094.0
2095.5
2097.0
2098.5
2100.0
2101.5
2103.0
2104.5
2106.0
2107.5
2109.0
2110.5
2112.0
2113.5
2115.0
2116.5
2118.0
2119.5
2121.0
2122.5
2124.0
2125.5
2127.0
2128.5
2130.0
2131.5
2133.0
2134.5
2136.0
2137.5
2139.0
2140.5
2142.0
2143.5
2145.0
2146.5
2148.0
2149.5
2151.0
2152.5
2154.0
2155.5
2157.0
2158.5
2160.0
2161.5
2163.0
2164.5
2166.0
2167.5
2169.0
2170.5
2172.0
2173.5
2175.0
2176.5
2178.0
2179.5
2181.0
2182.5
2184.0
2185.5
2187.0
2188.5
2190.0
2191.5
2193.0
2194.5
2196.0
2197.5
2199.0
2200.5
2202.0
2203.5
2205.0
2206.5
2208.0
2209.5
2211.0
2212.5
2214.0
2215.5
2217.0
2218.5
2220.0
2221.5
2223.0
2224.5
2226.0
2227.5
2229.0
2230.5
2232.0
2233.5
2235.0
2236.5
2238.0
2239.5
2241.0
2242.5
2244.0
2245.5
2247.0
2248.5
2250.0
2251.5
2253.0
2254.5
2256.0
2257.5
2259.0
2260.5
2262.0
2263.5
2265.0
2266.5
2268.0
2269.5
2271.0
2272.5
2274.0
2275.5
2277.0
2278.5
2280.0
2281.5
2283.0
2284.5
2286.0
2287.5
2289.0
2290.5
2292.0
2293.5
2295.0
2296.5
2298.0
2299.5
2301.0
2302.5
2304.0
2305.5
2307.0
2308.5
2310.0
2311.5
2313.0
2314.5
2316.0
2317.5
2319.0
2320.5
2322.0
2323.5
2325.0
2326.5
2328.0
2329.5
2331.0
2332.5
2334.0
2335.5
2337.0
2338.5
2340.0
2341.5
2343.0
2344.5
2346.0
2347.5
2349.0
2350.5
2352.0
2353.5
2355.0
2356.5
2358.0
2359.5
2361.0
2362.5
2364.0
2365.5
2367.0
2368.5
2370.0
2371.5
2373.0
2374.5
2376.0
2377.5
2379.0
2380.5
2382.0
2383.5
2385.0
2386.5
2388.0
2389.5
2391.0
2392.5
2394.0
2395.5
2397.0
2398.5
2400.0
2401.5
2403.0
2404.5
2406.0
2407.5
2409.0
2410.5
2412.0
2413.5
2415.0
2416.5
2418.0
2419.5
2421.0
2422.5
2424.0
2425.5
2427.0
2428.5
2430.0
2431.5
2433.0
2434.5
2436.0
2437.5
2439.0
2440.5
2442.0
2443.5
2445.0
2446.5
2448.0
2449.5
2451.0
2452.5
2454.0
2455.5
2457.0
2458.5
2460.0
2461.5
2463.0
2464.5
2466.0
2467.5
2469.0
2470.5
2472.0
2473.5
2475.0
2476.5
2478.0
2479.5
2481.0
2482.5
2484.0
2485.5
2487.0
2488.5
2490.0
2491.5
2493.0
2494.5
2496.0
2497.5
2499.0
2500.5
2502.0
2503.5
2505.0
2506.5
2508.0
2509.5
2511.0
2512.5
2514.0
2515.5
2517.0
2518.5
2520.0
2521.5
2523.0
2524.5
2526.0
2527.5
2529.0
2530.5
2532.0
2533.5
2535.0
2536.5
2538.0
2539.5
2541.0
2542.5
2544.0
2545.5
2547.0
2548.5
2550.0
2551.5
2553.0
2554.5
2556.0
2557.5
2559.0
2560.5
2562.0
2563.5
2565.0
2566.5
2568.0
2569.5
2571.0
2572.5
2574.0
2575.5
2577.0
2578.5
2580.0
2581.5
2583.0
2584.5
2586.0
2587.5
2589.0
2590.5
2592.0
2593.5
2595.0
2596.5
2598.0
2599.5
2601.0
2602.5
2604.0
2605.5
2607.0
2608.5
2610.0
2611.5
2613.0
2614.5
2616.0
2617.5
2619.0
2620.5
2622.0
2623.5
2625.0
2626.5
2628.0
2629.5
2631.0
2632.5
2634.0
2635.5
2637.0
2638.5
2640.0
2641.5
2643.0
2644.5
2646.0
2647.5
2649.0
2650.5
2652.0
2653.5
2655.0
2656.5
2658.0
2659.5
2661.0
2662.5
2664.0
2665.5
2667.0
2668.5
2670.0
2671.5
2673.0
2674.5
2676.0
2677.5
2679.0
2680.5
2682.0
2683.5
2685.0
2686.5
2688.0
2689.5
2691.0
2692.5
2694.0
2695.5
2697.0
2698.5
2700.0
2701.5
2703.0
2704.5
2706.0
2707.5
2709.0
2710.5
2712.0
2713.5
2715.0
2716.5
2718.0
2719.5
2721.0
2722.5
2724.0
2725.5
2727.0
2728.5
2730.0
2731.5
2733.0
2734.5
2736.0
2737.5
2739.0
2740.5
2742.0
2743.5
2745.0
2746.5
2748.0
2749.5
2751.0
2752.5
2754.0
2755.5
2757.0
2758.5
2760.0
2761.5
2763.0
2764.5
2766.0
2767.5
2769.0
2770.5
2772.0
2773.5
2775.0
2776.5
2778.0
2779.5
2781.0
2782.5
2784.0
2785.5
2787.0
2788.5
2790.0
2791.5
2793.0
2794.5
2796.0
2797.5
2799.0
2800.5
2802.0
2803.5
2805.0
2806.5
2808.0
2809.5
2811.0
2812.5
2814.0
2815.5
2817.0
2818.5
2820.0
2821.5
2823.0
2824.5
2826.0
2827.5
2829.0
2830.5
2832.0
2833.5
2835.0
2836.5
2838.0
2839.5
2841.0
2842.5
2844.0
2845.5
2847.0
2848.5
2850.0
2851.5
2853.0
2854.5
2856.0
2857.5
2859.0
2860.5
2862.0
2863.5
2865.0
2866.5
2868.0
2869.5
2871.0
2872.5
2874.0
2875.5
2877.0
2878.5
2880.0
2881.5
2883.0
2884.5
2886.0
2887.5
2889.0
2890.5
2892.0
2893.5
2895.0
2896.5
2898.0
2899.5
2901.0
2902.5
2904.0
2905.5
2907.0
2908.5
2910.0
2911.5
2913.0
2914.5
2916.0
2917.5
2919.0
2920.5
2922.0
2923.5
2925.0
2926.5
2928.0
2929.5
2931.0
2932.5
2934.0
2935.5
2937.0
2938.5
2940.0
2941.5
2943.0
2944.5
2946.0
2947.5
2949.0
2950.5
2952.0
2953.5
2955.0
2956.5
2958.0
2959.5
2961.0
2962.5
2964.0
2965.5
2967.0
2968.5
2970.0
2971.5
2973.0
2974.5
2976.0
2977.5
2979.0
2980.5
2982.0
2983.5
2985.0
2986.5
2988.0
2989.5
2991.0
2992.5
2994.0
2995.5
2997.0
2998.5
3000.0
3001.5
3003.0
3004.5
3006.0
3007.5
3009.0
3010.5
3012.0
3013.5
3015.0
3016.5
3018.0
3019.5
3021.0
3022.5
3024.0
3025.5
3027.0
3028.5
3030.0
3031.5
3033.0
3034.5
3036.0
3037.5
3039.0
3040.5
3042.0
3043.5
3045.0
3046.5
3048.0
3049.5
3051.0
3052.5
3054.0
3055.5
3057.0
3058.5
3060.0
3061.5
3063.0
3064.5
3066.0
3067.5
3069.0
3070.5
3072.0
3073.5
3075.0
3076.5
3078.0
3079.5
3081.0
3082.5
3084.0
3085.5
3087.0
3088.5
3090.0
3091.5
3093.0
3094.5
3096.0
3097.5
3099.0
3100.5
3102.0
3103.5
3105.0
3106.5
3108.0
3109.5
3111.0
3112.5
3114.0
3115.5
3117.0
3118.5
3120.0
3121.5
3123.0
3124.5
3126.0
3127.5
3129.0
3130.5
3132.0
3133.5
3135.0
3136.5
3138.0
3139.5
3141.0
3142.5
3144.0
3145.5
3147.0
3148.5
3150.0
3151.5
3153.0
3154.5
3156.0
3157.5
3159.0
3160.5
3162.0
3163.5
3165.0
3166.5
3168.0
3169.5
3171.0
3172.5
3174.0
3175.5
3177.0
3178.5
3180.0
3181.5
3183.0
3184.5
3186.0
3187.5
3189.0
3190.5
3192.0
3193.5
3195.0
3196.5
3198.0
3199.5
3201.0
3202.5
3204.0
3205.5
3207.0
3208.5
3210.0
3211.5
3213.0
3214.5
3216.0
3217.5
3219.0
3220.5
3222.0
3223.5
3225.0
3226.5
3228.0
3229.5
3231.0
3232.5
3234.0
3235.5
3237.0
3238.5
3240.0
3241.5
3243.0
3244.5
3246.0
3247.5
3249.0
3250.5
3252.0
3253.5
3255.0
3256.5
3258.0
3259.5
3261.0
3262.5
3264.0
3265.5
3267.0
3268.5
3270.0
3271.5
3273.0
3274.5
3276.0
3277.5
3279.0
3280.5
3282.0
3283.5
3285.0
3286.5
3288.0
3289.5
3291.0
3292.5
3294.0
3295.5
3297.0
3298.5
3300.0
3301.5
3303.0
3304.5
3306.0
3307.5
3309.0
3310.5
3312.0
3313.5
3315.0
3316.5
3318.0
3319.5
3321.0
3322.5
3324.0
3325.5
3327.0
3328.5
3330.0
3331.5
3333.0
3334.5
3336.0
3337.5
3339.0
3340.5
3342.0
3343.5
3345.0
3346.5
3348.0
3349.5
3351.0
3352.5
3354.0
3355.5
3357.0
3358.5
3360.0
3361.5
3363.0
3364.5
3366.0
3367.5
3369.0
3370.5
3372.0
3373.5
3375.0
3376.5
3378.0
3379.5
3381.0
3382.5
3384.0
3385.5
3387.0
3388.5
3390.0
3391.5
3393.0
3394.5
3396.0
3397.5
3399.0
3400.5
3402.0
3403.5
3405.0
3406.5
3408.0
3409.5
3411.0
3412.5
3414.0
3415.5
3417.0
3418.5
3420.0
3421.5
3423.0
3424.5
3426.0
3427.5
3429.0
3430.5
3432.0
3433.5
3435.0
3436.5
3438.0
3439.5
3441.0
3442.5
3444.0
3445.5
3447.0
3448.5
3450.0
3451.5
3453.0
3454.5
3456.0
3457.5
3459.0
3460.5
3462.0
3463.5
3465.0
3466.5
3468.0
3469.5
3471.0
3472.5
3474.0
3475.5
3477.0
3478.5
3480.0
3481.5
3483.0
3484.5
3486.0
3487.5
3489.0
3490.5
3492.0
3493.5
3495.0
3496.5
3498.0
3499.5
3501.0
3502.5
3504.0
3505.5
3507.0
3508.5
3510.0
3511.5
3513.0
3514.5
3516.0
3517.5
3519.0
3520.5
3522.0
3523.5
3525.0
3526.5
3528.0
3529.5
3531.0
3532.5
3534.0
3535.5
3537.0
3538.5
3540.0
3541.5
3543.0
3544.5
3546.0
3547.5
3549.0
3550.5
3552.0
3553.5
3555.0
3556.5
3558.0
3559.5
3561.0
3562.5
3564.0
3565.5
3567.0
3568.5
3570.0
3571.5
3573.0
3574.5
3576.0
3577.5
3579.0
3580.5
3582.0
3583.5
3585.0
3586.5
3588.0
3589.5
3591.0
3592.5
3594.0
3595.5
3597.0
3598.5
3600.0
3601.5
3603.0
3604.5
3606.0
3607.5
3609.0
3610.5
3612.0
3613.5
3615.0
3616.5
3618.0
3619.5
3621.0
3622.5
3624.0
3625.5
3627.0
3628.5
3630.0
3631.5
3633.0
3634.5
3636.0
3637.5
3639.0
3640.5
3642.0
3643.5
3645.0
3646.5
3648.0
3649.5
3651.0
3652.5
3654.0
3655.5
3657.0
3658.5
3660.0
3661.5
3663.0
3664.5
3666.0
3667.5
3669.0
3670.5
3672.0
3673.5
3675.0
3676.5
3678.0
3679.5
3681.0
3682.5
3684.0
3685.5
3687.0
3688.5
3690.0
3691.5
3693.0
3694.5
3696.0
3697.5
3699.0
3700.5
3702.0
3703.5
3705.0
3706.5
3708.0
3709.5
3711.0
3712.5
3714.0
3715.5
3717.0
3718.5
3720.0
3721.5
3723.0
3724.5
3726.0
3727.5
3729.0
3730.5
3732.0
3733.5
3735.0
3736.5
3738.0
3739.5
3741.0
3742.5
3744.0
3745.5
3747.0
3748.5
3750.0
3751.5
3753.0
3754.5
3756.0
3757.5
3759.0
3760.5
3762.0
3763.5
3765.0
3766.5
3768.0
3769.5
3771.0
3772.5
3774.0
3775.5
3777.0
3778.5
3780.0
3781.5
3783.0
3784.5
3786.0
3787.5
3789.0
3790.5
3792.0
3793.5
3795.0
3796.5
3798.0
3799.5
3801.0
3802.5
3804.0
3805.5
3807.0
3808.5
3810.0
3811.5
3813.0
3814.5
3816.0
3817.5
3819.0
3820.5
3822.0
3823.5
3825.0
3826.5
3828.0
3829.5
3831.0
3832.5
3834.0
3835.5
3837.0
3838.5
3840.0
3841.5
3843.0
3844.5
3846.0
3847.5
3849.0
3850.5
3852.0
3853.5
3855.0
3856.5
3858.0
3859.5
3861.0
3862.5
3864.0
3865.5
3867.0
3868.5
3870.0
3871.5
3873.0
3874.5
3876.0
3877.5
3879.0
3880.5
3882.0
3883.5
3885.0
3886.5
3888.0
3889.5
3891.0
3892.5
3894.0
3895.5
3897.0
3898.5
3900.0
3901.5
3903.0
3904.5
3906.0
3907.5
3909.0
3910.5
3912.0
3913.5
3915.0
3916.5
3918.0
3919.5
3921.0
3922.5
3924.0
3925.5
3927.0
3928.5
3930.0
3931.5
3933.0
3934.5
3936.0
3937.5
3939.0
3940.5
3942.0
3943.5
3945.0
3946.5
3948.0
3949.5
3951.0
3952.5
3954.0
3955.5
3957.0
3958.5
3960.0
3961.5
3963.0
3964.5
3966.0
3967.5
3969.0
3970.5
3972.0
3973.5
3975.0
3976.5
3978.0
3979.5
3981.0
3982.5
3984.0
3985.5
3987.0
3988.5
3990.0
3991.5
3993.0
3994.5
3996.0
3997.5
3999.0
4000.5
4002.0
4003.5
4005.0
4006.5
4008.0
4009.5
4011.0
4012.5
4014.0
4015.5
4017.0
4018.5
4020.0
4021.5
4023.0
4024.5
4026.0
4027.5
4029.0
4030.5
4032.0
4033.5
4035.0
4036.5
4038.0
4039.5
4041.0
4042.5
4044.0
4045.5
4047.0
4048.5
4050.0
4051.5
4053.0
4054.5
4056.0
4057.5
4059.0
4060.5
4062.0
4063.5
4065.0
4066.5
4068.0
4069.5
4071.0
4072.5
4074.0
4075.5
4077.0
4078.5
4080.0
4081.5
4083.0
4084.5
4086.0
4087.5
4089.0
4090.5
4092.0
4093.5
4095.0
4096.5
4098.0
4099.5
4101.0
4102.5
4104.0
4105.5
4107.0
4108.5
4110.0
4111.5
4113.0
4114.5
4116.0
4117.5
4119.0
4120.5
4122.0
4123.5
4125.0
4126.5
4128.0
4129.5
4131.0
4132.5
4134.0
4135.5
4137.0
4138.5
4140.0
4141.5
4143.0
4144.5
4146.0
4147.5
4149.0
4150.5
4152.0
4153.5
4155.0
4156.5
4158.0
4159.5
4161.0
4162.5
4164.0
4165.5
4167.0
4168.5
4170.0
4171.5
4173.0
4174.5
4176.0
4177.5
4179.0
4180.5
4182.0
4183.5
4185.0
4186.5
4188.0
4189.5
4191.0
4192.5
4194.0
4195.5
4197.0
4198.5
4200.0
4201.5
4203.0
4204.5
4206.0
4207.5
4209.0
4210.5
4212.0
4213.5
4215.0
4216.5
4218.0
4219.5
4221.0
4222.5
4224.0
4225.5
4227.0
4228.5
4230.0
4231.5
4233.0
4234.5
4236.0
4237.5
4239.0
4240.5
4242.0
4243.5
4245.0
4246.5
4248.0
4249.5
4251.0
4252.5
4254.0
4255.5
4257.0
4258.5
4260.0
4261.5
4263.0
4264.5
4266.0
4267.5
4269.0
4270.5
4272.0
4273.5
4275.0
4276.5
4278.0
4279.5
4281.0
4282.5
4284.0
4285.5
4287.0
4288.5
4290.0
4291.5
4293.0
4294.5
4296.0
4297.5
4299.0
4300.5
4302.0
4303.5
4305.0
4306.5
4308.0
4309.5
4311.0
4312.5
4314.0
4315.5
4317.0
4318.5
4320.0
4321.5
4323.0
4324.5
4326.0
4327.5
4329.0
4330.5
4332.0
4333.5
4335.0
4336.5
4338.0
4339.5
4341.0
4342.5
4344.0
4345.5
4347.0
4348.5
4350.0
4351.5
4353.0
4354.5
4356.0
4357.5
4359.0
4360.5
4362.0
4363.5
4365.0
4366.5
4368.0
4369.5
4371.0
4372.5
4374.0
4375.5
4377.0
4378.5
4380.0
4381.5
4383.0
4384.5
4386.0
4387.5
4389.0
4390.5
4392.0
4393.5
4395.0
4396.5
4398.0
4399.5
4401.0
4402.5
4404.0
4405.5
4407.0
4408.5
4410.0
4411.5
4413.0
4414.5
4416.0
4417.5
4419.0
4420.5
4422.0
4423.5
4425.0
4426.5
4428.0
4429.5
4431.0
4432.5
4434.0
4435.5
4437.0
4438.5
4440.0
4441.5
4443.0
4444.5
4446.0
4447.5
4449.0
4450.5
4452.0
4453.5
4455.0
4456.5
4458.0
4459.5
4461.0
4462.5
4464.0
4465.5
4467.0
4468.5
4470.0
4471.5
4473.0
4474.5
4476.0
4477.5
4479.0
4480.5
4482.0
4483.5
4485.0
4486.5
4488.0
4489.5
4491.0
4492.5
4494.0
4495.5
4497.0
4498.5
4500.0
4501.5
4503.0
4504.5
4506.0
4507.5
4509.0
4510.5
4512.0
4513.5
4515.0
4516.5
4518.0
4519.5
4521.0
4522.5
4524.0
4525.5
4527.0
4528.5
4530.0
4531.5
4533.0
4534.5
4536.0
4537.5
4539.0
4540.5
4542.0
4543.5
4545.0
4546.5
4548.0
4549.5
4551.0
4552.5
4554.0
4555.5
4557.0
4558.5
4560.0
4561.5
4563.0
4564.5
4566.0
4567.5
4569.0
4570.5
4572.0
4573.5
4575.0
4576.5
4578.0
4579.5
4581.0
4582.5
4584.0
4585.5
4587.0
4588.5
4590.0
4591.5
4593.0
4594.5
4596.0
4597.5
4599.0
4600.5
4602.0
4603.5
4605.0
4606.5
4608.0
4609.5
4611.0
4612.5
4614.0
4615.5
4617.0
4618.5
4620.0
4621.5
4623.0
4624.5
4626.0
4627.5
4629.0
4630.5
4632.0
4633.5
4635.0
4636.5
4638.0
4639.5
4641.0
4642.5
4644.0
4645.5
4647.0
4648.5
4650.0
4651.5
4653.0
4654.5
4656.0
4657.5
4659.0
4660.5
4662.0
4663.5
4665.0
4666.5
4668.0
4669.5
4671.0
4672.5
4674.0
4675.5
4677.0
4678.5
4680.0
4681.5
4683.0
4684.5
4686.0
4687.5
4689.0
4690.5
4692.0
4693.5
4695.0
4696.5
4698.0
4699.5
4701.0
4702.5
4704.0
4705.5
4707.0
4708.5
4710.0
4711.5
4713.0
4714.5
4716.0
4717.5
4719.0
4720.5
4722.0
4723.5
4725.0
4726.5
4728.0
4729.5
4731.0
4732.5
4734.0
4735.5
4737.0
4738.5
4740.0
4741.5
4743.0
4744.5
4746.0
4747.5
4749.0
4750.5
4752.0
4753.5
4755.0
4756.5
4758.0
4759.5
4761.0
4762.5
4764.0
4765.5
4767.0
4768.5
4770.0
4771.5
4773.0
4774.5
4776.0
4777.5
4779.0
4780.5
4782.0
4783.5
4785.0
4786.5
4788.0
4789.5
4791.0
4792.5
4794.0
4795.5
4797.0
4798.5
4800.0
4801.5
4803.0
4804.5
4806.0
4807.5
4809.0
4810.5
4812.0
4813.5
4815.0
4816.5
4818.0
4819.5
4821.0
4822.5
4824.0
4825.5
4827.0
4828.5
4830.0
4831.5
4833.0
4834.5
4836.0
4837.5
4839.0
4840.5
4842.0
4843.5
4845.0
4846.5
4848.0
4849.5
4851.0
4852.5
4854.0
4855.5
4857.0
4858.5
4860.0
4861.5
4863.0
4864.5
4866.0
4867.5
4869.0
4870.5
4872.0
4873.5
4875.0
4876.5
4878.0
4879.5
4881.0
4882.5
4884.0
4885.5
4887.0
4888.5
4890.0
4891.5
4893.0
4894.5
4896.0
4897.5
4899.0
4900.5
4902.0
4903.5
4905.0
4906.5
4908.0
4909.5
4911.0
4912.5
4914.0
4915.5
4917.0
4918.5
4920.0
4921.5
4923.0
4924.5
4926.0
4927.5
4929.0
4930.5
4932.0
4933.5
4935.0
4936.5
4938.0
4939.5
4941.0
4942.5
4944.0
4945.5
4947.0
4948.5
4950.0
4951.5
4953.0
4954.5
4956.0
4957.5
4959.0
4960.5
4962.0
4963.5
4965.0
4966.5
4968.0
4969.5
4971.0
4972.5
4974.0
4975.5
4977.0
4978.5
4980.0
4981.5
4983.0
4984.5
4986.0
4987.5
4989.0
4990.5
4992.0
4993.5
4995.0
4996.5
4998.0
4999.5
5001.0
5002.5
5004.0
5005.5
5007.0
5008.5
5010.0
5011.5
5013.0
5014.5
5016.0
5017.5
5019.0
5020.5
5022.0
5023.5
5025.0
5026.5
5028.0
5029.5
5031.0
5032.5
5034.0
5035.5
5037.0
5038.5
5040.0
5041.5
5043.0
5044.5
5046.0
5047.5
5049.0
5050.5
5052.0
5053.5
5055.0
5056.5
5058.0
5059.5
5061.0
5062.5
5064.0
5065.5
5067.0
5068.5
5070.0
5071.5
5073.0
5074.5
5076.0
5077.5
5079.0
5080.5
5082.0
5083.5
5085.0
5086.5
5088.0
5089.5
5091.0
5092.5
5094.0
5095.5
5097.0
5098.5
5100.0
5101.5
5103.0
5104.5
5106.0
5107.5
5109.0
5110.5
5112.0
5113.5
5115.0
5116.5
5118.0
5119.5
5121.0
5122.5
5124.0
5125.5
5127.0
5128.5
5130.0
5131.5
5133.0
5134.5
5136.0
5137.5
5139.0
5140.5
5142.0
5143.5
5145.0
5146.5
5148.0
5149.5
5151.0
5152.5
5154.0
5155.5
5157.0
5158.5
5160.0
5161.5
5163.0
5164.5
5166.0
5167.5
5169.0
5170.5
5172.0
5173.5
5175.0
5176.5
5178.0
5179.5
5181.0
5182.5
5184.0
5185.5
5187.0
5188.5
5190.0
5191.5
5193.0
5194.5
5196.0
5197.5
5199.0
5200.5
5202.0
5203.5
5205.0
5206.5
5208.0
5209.5
5211.0
5212.5
5214.0
5215.5
5217.0
5218.5
5220.0
5221.5
5223.0
5224.5
5226.0
5227.5
5229.0
5230.5
5232.0
5233.5
5235.0
5236.5
5238.0
5239.5
5241.0
5242.5
5244.0
5245.5
5247.0
5248.5
5250.0
5251.5
5253.0
5254.5
5256.0
5257.5
5259.0
5260.5
5262.0
5263.5
5265.0
5266.5
5268.0
5269.5
5271.0
5272.5
5274.0
5275.5
5277.0
5278.5
5280.0
5281.5
5283.0
5284.5
5286.0
5287.5
5289.0
5290.5
5292.0
5293.5
5295.0
5296.5
5298.0
5299.5
5301.0
5302.5
5304.0
5305.5
5307.0
5308.5
5310.0
5311.5
5313.0
5314.5
5316.0
5317.5
5319.0
5320.5
5322.0
5323.5
5325.0
5326.5
5328.0
5329.5
5331.0
5332.5
5334.0
5335.5
5337.0
5338.5
5340.0
5341.5
5343.0
5344.5
5346.0
5347.5
5349.0
5350.5
5352.0
5353.5
5355.0
5356.5
5358.0
5359.5
5361.0
5362.5
5364.0
5365.5
5367.0
5368.5
5370.0
5371.5
5373.0
5374.5
5376.0
5377.5
5379.0
5380.5
5382.0
5383.5
5385.0
5386.5
5388.0
5389.5
5391.0
5392.5
5394.0
5395.5
5397.0
5398.5
5400.0
5401.5
5403.0
5404.5
5406.0
5407.5
5409.0
5410.5
5412.0
5413.5
5415.0
5416.5
5418.0
5419.5
5421.0
5422.5
5424.0
5425.5
5427.0
5428.5
5430.0
5431.5
5433.0
5434.5
5436.0
5437.5
5439.0
5440.5
5442.0
5443.5
5445.0
5446.5
5448.0
5449.5
5451.0
5452.5
5454.0
5455.5
5457.0
5458.5
5460.0
5461.5
5463.0
5464.5
5466.0
5467.5
5469.0
5470.5
5472.0
5473.5
5475.0
5476.5
5478.0
5479.5
5481.0
5482.5
5484.0
5485.5
5487.0
5488.5
5490.0
5491.5
5493.0
5494.5
5496.0
5497.5
5499.0
5500.5
5502.0
5503.5
5505.0
5506.5
5508.0
5509.5
5511.0
5512.5
5514.0
5515.5
5517.0
5518.5
5520.0
5521.5
5523.0
5524.5
5526.0
5527.5
5529.0
5530.5
5532.0
5533.5
5535.0
5536.5
5538.0
5539.5
5541.0
5542.5
5544.0
5545.5
5547.0
5548.5
5550.0
5551.5
5553.0
5554.5
5556.0
5557.5
5559.0
5560.5
5562.0
5563.5
5565.0
5566.5
5568.0
5569.5
5571.0
5572.5
5574.0
5575.5
5577.0
5578.5
5580.0
5581.5
5583.0
5584.5
5586.0
5587.5
5589.0
5590.5
5592.0
5593.5
5595.0
5596.5
5598.0
5599.5
5601.0
5602.5
5604.0
5605.5
5607.0
5608.5
5610.0
5611.5
5613.0
5614.5
5616.0
5617.5
5619.0
5620.5
5622.0
5623.5
5625.0
5626.5
5628.0
5629.5
5631.0
5632.5
5634.0
5635.5
5637.0
5638.5
5640.0
5641.5
5643.0
5644.5
5646.0
5647.5
5649.0
5650.5
5652.0
5653.5
5655.0
5656.5
5658.0
5659.5
5661.0
5662.5
5664.0
5665.5
5667.0
5668.5
5670.0
5671.5
5673.0
5674.5
5676.0
5677.5
5679.0
5680.5
5682.0
5683.5
5685.0
5686.5
5688.0
5689.5
5691.0
5692.5
5694.0
5695.5
5697.0
5698.5
5700.0
5701.5
5703.0
5704.5
5706.0
5707.5
5709.0
5710.5
5712.0
5713.5
5715.0
5716.5
5718.0
5719.5
5721.0
5722.5
5724.0
5725.5
5727.0
5728.5
5730.0
5731.5
5733.0
5734.5
5736.0
5737.5
5739.0
5740.5
5742.0
5743.5
5745.0
5746.5
5748.0
5749.5
5751.0
5752.5
5754.0
5755.5
5757.0
5758.5
5760.0
5761.5
5763.0
5764.5
5766.0
5767.5
5769.0
5770.5
5772.0
5773.5
5775.0
5776.5
5778.0
5779.5
5781.0
5782.5
5784.0
5785.5
5787.0
5788.5
5790.0
5791.5
5793.0
5794.5
5796.0
5797.5
5799.0
5800.5
5802.0
5803.5
5805.0
5806.5
5808.0
5809.5
5811.0
5812.5
5814.0
5815.5
5817.0
5818.5
5820.0
5821.5
5823.0
5824.5
5826.0
5827.5
5829.0
5830.5
5832.0
5833.5
5835.0
5836.5
5838.0
5839.5
5841.0
5842.5
5844.0
5845.5
5847.0
5848.5
5850.0
5851.5
5853.0
5854.5
5856.0
5857.5
5859.0
5860.5
5862.0
5863.5
5865.0
5866.5
5868.0
5869.5
5871.0
5872.5
5874.0
5875.5
5877.0
5878.5
5880.0
5881.5
5883.0
5884.5
5886.0
5887.5
5889.0
5890.5
5892.0
5893.5
5895.0
5896.5
5898.0
5899.5
5901.0
5902.5
5904.0
5905.5
5907.0
5908.5
5910.0
5911.5
5913.0
5914.5
5916.0
5917.5
5919.0
5920.5
5922.0
5923.5
5925.0
5926.5
5928.0
5929.5
5931.0
5932.5
5934.0
5935.5
5937.0
5938.5
5940.0
5941.5
5943.0
5944.5
5946.0
5947.5
5949.0
5950.5
5952.0
5953.5
5955.0
5956.5
5958.0
5959.5
5961.0
5962.5
5964.0
5965.5
5967.0
5968.5
5970.0
5971.5
5973.0
5974.5
5976.0
5977.5
5979.0
5980.5
5982.0
5983.5
5985.0
5986.5
5988.0
5989.5
5991.0
5992.5
5994.0
5995.5
5997.0
5998.5
6000.0
6001.5
6003.0
6004.5
6006.0
6007.5
6009.0
6010.5
6012.0
6013.5
6015.0
6016.5
6018.0
6019.5
6021.0
6022.5
6024.0
6025.5
6027.0
6028.5
6030.0
6031.5
6033.0
6034.5
6036.0
6037.5
6039.0
6040.5
6042.0
6043.5
6045.0
6046.5
6048.0
6049.5
6051.0
6052.5
6054.0
6055.5
6057.0
6058.5
6060.0
6061.5
6063.0
6064.5
6066.0
6067.5
6069.0
6070.5
6072.0
6073.5
6075.0
6076.5
6078.0
6079.5
6081.0
6082.5
6084.0
6085.5
6087.0
6088.5
6090.0
6091.5
6093.0
6094.5
6096.0
6097.5
6099.0
6100.5
6102.0
6103.5
6105.0
6106.5
6108.0
6109.5
6111.0
6112.5
6114.0
6115.5
6117.0
6118.5
6120.0
6121.5
6123.0
6124.5
6126.0
6127.5
6129.0
6130.5
6132.0
6133.5
6135.0
6136.5
6138.0
6139.5
6141.0
6142.5
6144.0
6145.5
6147.0
6148.5
6150.0
6151.5
6153.0
6154.5
6156.0
6157.5
6159.0
6160.5
6162.0
6163.5
6165.0
6166.5
6168.0
6169.5
6171.0
6172.5
6174.0
6175.5
6177.0
6178.5
6180.0
6181.5
6183.0
6184.5
6186.0
6187.5
6189.0
6190.5
6192.0
6193.5
6195.0
6196.5
6198.0
6199.5
6201.0
6202.5
6204.0
6205.5
6207.0
6208.5
6210.0
6211.5
6213.0
6214.5
6216.0
6217.5
6219.0
6220.5
6222.0
6223.5
6225.0
6226.5
6228.0
6229.5
6231.0
6232.5
6234.0
6235.5
6237.0
6238.5
6240.0
6241.5
6243.0
6244.5
6246.0
6247.5
6249.0
6250.5
6252.0
6253.5
6255.0
6256.5
6258.0
6259.5
6261.0
6262.5
6264.0
6265.5
6267.0
6268.5
6270.0
6271.5
6273.0
6274.5
6276.0
6277.5
6279.0
6280.5
6282.0
6283.5
6285.0
6286.5
6288.0
6289.5
6291.0
6292.5
6294.0
6295.5
6297.0
6298.5
6300.0
6301.5
6303.0
6304.5
6306.0
6307.5
6309.0
6310.5
6312.0
6313.5
6315.0
6316.5
6318.0
6319.5
6321.0
6322.5
6324.0
6325.5
6327.0
6328.5
6330.0
6331.5
6333.0
6334.5
6336.0
6337.5
6339.0
6340.5
6342.0
6343.5
6345.0
6346.5
6348.0
6349.5
6351.0
6352.5
6354.0
6355.5
6357.0
6358.5
6360.0
6361.5
6363.0
6364.5
6366.0
6367.5
6369.0
6370.5
6372.0
6373.5
6375.0
6376.5
6378.0
6379.5
6381.0
6382.5
6384.0
6385.5
6387.0
6388.5
6390.0
6391.5
6393.0
6394.5
6396.0
6397.5
6399.0
6400.5
6402.0
6403.5
6405.0
6406.5
6408.0
6409.5
6411.0
6412.5
6414.0
6415.5
6417.0
6418.5
6420.0
6421.5
6423.0
6424.5
6426.0
6427.5
6429.0
6430.5
6432.0
6433.5
6435.0
6436.5
6438.0
6439.5
6441.0
6442.5
6444.0
6445.5
6447.0
6448.5
6450.0
6451.5
6453.0
6454.5
6456.0
6457.5
6459.0
6460.5
6462.0
6463.5
6465.0
6466.5
6468.0
6469.5
6471.0
6472.5
6474.0
6475.5
6477.0
6478.5
6480.0
6481.5
6483.0
6484.5
6486.0
6487.5
6489.0
6490.5
6492.0
6493.5
6495.0
6496.5
6498.0
6499.5
6501.0
6502.5
6504.0
6505.5
6507.0
6508.5
6510.0
6511.5
6513.0
6514.5
6516.0
6517.5
6519.0
6520.5
6522.0
6523.5
6525.0
6526.5
6528.0
6529.5
6531.0
6532.5
6534.0
6535.5
6537.0
6538.5
6540.0
6541.5
6543.0
6544.5
6546.0
6547.5
6549.0
6550.5
6552.0
6553.5
6555.0
6556.5
6558.0
6559.5
6561.0
6562.5
6564.0
6565.5
6567.0
6568.5
6570.0
6571.5
6573.0
6574.5
6576.0
6577.5
6579.0
6580.5
6582.0
6583.5
6585.0
6586.5
6588.0
6589.5
6591.0
6592.5
6594.0
6595.5
6597.0
6598.5
6600.0
6601.5
6603.0
6604.5
6606.0
6607.5
6609.0
6610.5
6612.0
6613.5
6615.0
6616.5
6618.0
6619.5
6621.0
6622.5
6624.0
6625.5
6627.0
6628.5
6630.0
6631.5
6633.0
6634.5
6636.0
6637.5
6639.0
6640.5
6642.0
6643.5
6645.0
6646.5
6648.0
6649.5
6651.0
6652.5
6654.0
6655.5
6657.0
6658.5
6660.0
6661.5
6663.0
6664.5
6666.0
6667.5
6669.0
6670.5
6672.0
6673.5
6675.0
6676.5
6678.0
6679.5
6681.0
6682.5
6684.0
6685.5
6687.0
6688.5
6690.0
6691.5
6693.0
6694.5
6696.0
6697.5
6699.0
6700.5
6702.0
6703.5
6705.0
6706.5
6708.0
6709.5
6711.0
6712.5
6714.0
6715.5
6717.0
6718.5
6720.0
6721.5
6723.0
6724.5
6726.0
6727.5
6729.0
6730.5
6732.0
6733.5
6735.0
6736.5
6738.0
6739.5
6741.0
6742.5
6744.0
6745.5
6747.0
6748.5
6750.0
6751.5
6753.0
6754.5
6756.0
6757.5
6759.0
6760.5
6762.0
6763.5
6765.0
6766.5
6768.0
6769.5
6771.0
6772.5
6774.0
6775.5
6777.0
6778.5
6780.0
6781.5
6783.0
6784.5
6786.0
6787.5
6789.0
6790.5
6792.0
6793.5
6795.0
6796.5
6798.0
6799.5
6801.0
6802.5
6804.0
6805.5
6807.0
6808.5
6810.0
6811.5
6813.0
6814.5
6816.0
6817.5
6819.0
6820.5
6822.0
6823.5
6825.0
6826.5
6828.0
6829.5
6831.0
6832.5
6834.0
6835.5
6837.0
6838.5
6840.0
6841.5
6843.0
6844.5
6846.0
6847.5
6849.0
6850.5
6852.0
6853.5
6855.0
6856.5
6858.0
6859.5
6861.0
6862.5
6864.0
6865.5
6867.0
6868.5
6870.0
6871.5
6873.0
6874.5
6876.0
6877.5
6879.0
6880.5
6882.0
6883.5
6885.0
6886.5
6888.0
6889.5
6891.0
6892.5
6894.0
6895.5
6897.0
6898.5
6900.0
6901.5
6903.0
6904.5
6906.0
6907.5
6909.0
6910.5
6912.0
6913.5
6915.0
6916.5
6918.0
6919.5
6921.0
6922.5
6924.0
6925.5
6927.0
6928.5
6930.0
6931.5
6933.0
6934.5
6936.0
6937.5
6939.0
6940.5
6942.0
6943.5
6945.0
6946.5
6948.0
6949.5
6951.0
6952.5
6954.0
6955.5
6957.0
6958.5
6960.0
6961.5
6963.0
6964.5
6966.0
6967.5
6969.0
6970.5
6972.0
6973.5
6975.0
6976.5
6978.0
6979.5
6981.0
6982.5
6984.0
6985.5
6987.0
6988.5
6990.0
6991.5
6993.0
6994.5
6996.0
6997.5
6999.0
7000.5
7002.0
7003.5
7005.0
7006.5
7008.0
7009.5
7011.0
7012.5
7014.0
7015.5
7017.0
7018.5
7020.0
7021.5
7023.0
7024.5
7026.0
7027.5
7029.0
7030.5
7032.0
7033.5
7035.0
7036.5
7038.0
7039.5
7041.0
7042.5
7044.0
7045.5
7047.0
7048.5
7050.0
7051.5
7053.0
7054.5
7056.0
7057.5
7059.0
7060.5
7062.0
7063.5
7065.0
7066.5
7068.0
7069.5
7071.0
7072.5
7074.0
7075.5
7077.0
7078.5
7080.0
7081.5
7083.0
7084.5
7086.0
7087.5
7089.0
7090.5
7092.0
7093.5
7095.0
7096.5
7098.0
7099.5
7101.0
7102.5
7104.0
7105.5
7107.0
7108.5
7110.0
7111.5
7113.0
7114.5
7116.0
7117.5
7119.0
7120.5
7122.0
7123.5
7125.0
7126.5
7128.0
7129.5
7131.0
7132.5
7134.0
7135.5
7137.0
7138.5
7140.0
7141.5
7143.0
7144.5
7146.0
7147.5
7149.0
7150.5
7152.0
7153.5
7155.0
7156.5
7158.0
7159.5
7161.0
7162.5
7164.0
7165.5
7167.0
7168.5
7170.0
7171.5
7173.0
7174.5
7176.0
7177.5
7179.0
7180.5
7182.0
7183.5
7185.0
7186.5
7188.0
7189.5
7191.0
7192.5
7194.0
7195.5
7197.0
7198.5
