0.22559058156931913
0.45325869977520405
0.6866119534963568
0.9277597199705072
1.176757050938052
1.431589758081169
1.6887047400022812
1.943946009052363
2.1936499781195287
2.4356115167202286
2.6696661800847528
2.897734970703864
3.12331947070678
3.3505799645058847
3.583239137360076
3.82360010343774
4.0719376717887705
4.326423684465325
4.583606712522285
4.839320339024312
5.089781154369083
5.332587271458589
5.567353977049704
5.795818383339836
6.0213846453612705
6.248228732063166
6.480198053961055
6.719795755699626
6.967517701536146
7.221717708602068
7.479037645641759
7.7352901347869425
7.986561989968999
8.230247789309482
8.465740733712327
8.694597691135781
8.92013358086558
9.146550684417447
9.377831444779288
9.616686331276563
9.863834619848218
10.117808871587837
10.37533623823564
10.632197642069443
10.884339444635788
11.128944869791457
11.365182139711445
11.594430711670924
11.819924138323161
12.045901903811423
12.27649257066325
12.514622314631245
12.761237277759303
13.015046339015775
13.272854204791663
13.53039904117427
13.783475240858523
14.029045716273988
14.26604969393356
14.495691254375192
14.721130202772606
14.946654492068019
15.176550798257205
15.413970579855551
15.660091456048894
15.913796996488294
16.171961949452136
16.430270232793838
16.684351777509114
16.930938971700247
17.16873683645268
17.398775309746608
17.62414788869282
17.84920276119167
18.078397763730326
18.31512053910082
18.560786031367694
18.81445167971961
19.073054907614644
19.332213327161526
19.58737878126463
19.835041521474736
20.0736658693412
20.304108041004675
20.529402555110984
20.753970237945794
20.98245435664198
21.218491123464887
21.463739996297
21.717432289970127
21.9765608124329
22.236664101944086
22.4930009698064
22.7418063454148
22.98129595461236
23.21215187071789
23.437356925134626
23.661417778207632
23.88917882054746
24.12453889483443
24.36941063588901
24.62320010411938
24.88294820486526
25.144100758640707
25.4017070681699
25.6517317708098
25.892132549887094
26.12341602883392
26.348520679647077
26.572053162579394
26.799076343482636
27.033767665040724
27.27830324316879
27.532265671545694
27.792736592458844
28.055054397926398
28.31404061445767
28.5653725772379
28.80673874402796
29.03846803238409
29.263462000212527
29.4864426511246
29.712710619051773
29.946740108093895
30.190982868325218
30.44520080624433
30.706508783384695
30.97012176141765
31.23061312395808
31.483353541892654
31.72574909738003
31.95794771266497
32.18282168389619
32.40522512435301
32.63071800983909
32.864092004856836
33.108088753922594
33.362653345867976
33.624926092609925
33.889980965752535
34.15212036730616
34.40638620824907
34.64988679148286
34.8825846104677
35.107330660621834
35.32912964790211
35.55382515780191
35.78654997627201
36.03035233101091
36.285365580026024
36.54874735793408
36.81541120723269
37.079362782410215
37.33528993576847
37.57998517691039
37.8132198504024
38.037832038898244
38.258997597272725
38.48287118921897
38.71495386989569
38.95861996820631
39.214197579229285
39.478853047510704
39.747317775926106
40.01327141761885
40.27101868186861
40.517015214576745
40.75083402203212
40.97530922964052
41.195810908654465
41.41883609770264
41.65028540919225
41.8938821233758
42.150157131089195
42.41627623769984
42.686764240157984
42.95494135096897
43.214695538216745
43.46212089639171
43.69658320124911
43.92092231475479
44.14072864800763
44.362877524861936
44.59370536478998
44.83731121703501
45.09443868665516
45.36224296958829
45.635014429186654
45.90567533544315
46.1676578840205
46.4166656018468
46.651846139494424
46.87605573906916
47.09513501733483
47.31637910106638
47.54660247150225
47.79031154201795
48.04847475669668
48.31822558056019
48.5935879873263
48.86704162439367
49.13151727806203
49.38229365298427
49.61828699132836
49.84238177570894
50.06070331304615
50.28101493128038
50.51065877272416
50.75458603104977
51.01400477035326
51.28601426026751
51.56433501581474
51.84095176659526
52.10824013298743
52.36101332635999
52.59794000673112
52.82194631800329
53.0394824954128
53.258836999735664
53.48793832116685
53.73222703169839
53.99316884241158
54.26781464340007
54.5495380263365
54.829767016253015
55.10025821074846
55.35531069706835
55.59332582957499
55.81728684552415
56.034016393286
56.25239570942794
56.481009706663485
56.72584191479947
56.98863774785535
57.26638331714334
57.552053733569466
57.83644655110156
58.1106227569188
58.36830867098655
58.60761419198739
58.831597697673
59.047510978712126
59.264909319089746
59.49311860233168
59.73873029524133
60.00379665487214
60.2852197351997
60.57551423102775
60.86475812296234
61.14322391648197
61.40399373415396
61.64485625903577
61.86896649810944
62.08407408218
62.300507224315076
62.528436017402456
62.77513955356279
63.043010604436084
63.32884409976702
63.62461886802286
63.91958426389674
64.20311026514698
64.4675467578804
64.71032421481812
64.93472036165984
65.14906713176437
65.36458770835357
65.5924242067687
65.84064236730403
66.11201770610538
66.40320990130273
66.70556854869395
67.00737888997662
67.29696627314675
67.56583832100726
67.81102079130811
68.03594648952335
68.2496352989999
68.46435849825008
68.69239102570498
68.9427102510776
69.21852813223396
69.51633408305088
69.82673085432192
70.1368683115896
70.43384708941205
70.70819277391715
70.95646713536549
71.1822991772588
71.39553152899143
71.60967941316464
71.8383567520087
72.09161324372701
72.37316675010938
72.67929183236718
72.9996931709339
73.32016436524809
73.62634853529424
73.90760819529058
74.15996430173573
74.3872957697375
74.60044401770172
74.81442445648803
75.04446032385009
75.301884935147
75.59101385802583
75.90784854492422
76.24099643928507
76.57460311935881
76.89254604412146
77.18278469017952
77.44069758400151
77.67048605997219
77.88422674673868
78.09877979736578
78.33134203059898
78.59481585658574
78.89423918703888
79.22526199737143
79.57512459857482
79.92592804136727
80.25936447089357
80.56166323842454
80.8274227353825
81.06126859995899
81.2768412438774
81.49332470595913
81.73039702812234
82.00292874370383
82.31685526172424
82.6673660485849
83.03995570009633
83.41412278156406
83.76878234805234
84.08797229724043
84.36531883413052
84.60602255192205
84.8257644921271
85.04674783652322
85.29187018867586
85.57855270365783
85.91388587115256
86.29244095063684
86.69741271048119
87.10487730752209
87.49010113307848
87.8342518350973
88.12970658306898
88.38247933519033
88.61102428577006
88.84163048181557
89.10155110150458
89.41165878758926
89.78060242336748
90.20209685926493
90.65618155310995
91.11423710797678
91.5465245858244
91.93028823788836
92.25624323311118
92.53163218180902
92.77889989725806
93.03018886782351
93.31899741824002
93.67116065118556
94.09757860131712
94.59073481946807
95.12610038597686
95.66823719966816
96.18013288703303
96.63336342490094
97.0163549763462
97.33841615560416
97.62825850584899
97.92716184568067
98.27840153337169
98.71564398460485
99.25342464511431
99.8824076906611
100.57096191411205
101.2729500256419
101.93993634530592
102.53472319437775
103.04259797457068
103.47709355558489
103.87837260061303
104.30423992295339
104.815791155117
105.4612900101056
106.26258063595685
107.20794118359251
108.25380603240117
109.33555154551446
110.38509832510289
111.35106727409743
112.21620358274791
113.0070970895287
113.79289922288555
114.6724339159322
115.75220013433008
117.12049341731615
118.82449443275786
120.85716905481546
123.15905032984311
125.63671179486153
128.1956679847544
130.78147750413646
133.4199468625389
136.24632348979495
139.51462359731605
143.58166225952314
148.86532916606396
155.78217954497384
164.67429709251593
175.73852287520944
188.9717509121613
204.14380649641558
220.804781988482
238.32748206525494
255.97906462409145
273.0103944048088
288.7482062445534
302.67461783996225
314.48095724791364
324.0877757638676
331.6292875035337
337.4070064751274
341.8227244458443
345.3041445577236
348.2369014035628
350.9143978848535
353.51248040693565
356.09048204780953
358.6147933112403
360.996987667133
363.13642139066553
364.9574460703336
366.43369256409886
367.59563384022266
368.5218653770334
369.3182666139641
370.09162023831914
370.9249197265658
371.8604797133795
372.89448193727253
373.98343824309154
375.06003840111646
376.05369322360565
376.9102469098242
377.605930142733
378.1524132962183
378.5922764221506
378.9866853083257
379.39893171802487
379.8783278669579
380.44859054307193
381.10346488365565
381.81032831691743
382.5204243107447
383.1827390698306
383.75774619951403
384.227464108707
384.59939404714794
384.90360318264425
385.1840255228271
385.4865040735375
385.8468327366037
386.2819172044807
386.7862329443928
387.33429115242785
387.88823073640197
388.40835316714663
388.8637333495144
389.24012753476626
389.5432073893584
389.79644158954125
390.0343695018871
390.29319074452036
390.6012310130326
390.9717909175688
391.40017756861613
391.86556401568913
392.33703516217787
392.78210066500185
393.17536091353725
393.50504217092293
393.77574477251096
394.0067919063249
394.226740525046
394.4656090000425
394.74693300958097
395.0817479382498
395.4660318396755
395.8821907500331
396.3040881992257
396.7042001618602
397.06095318960774
397.36430452643543
397.61813512862074
397.8389022834716
398.0509985996191
398.2801223122726
398.54645758215105
398.8594713585215
399.2156646812969
399.5998054885778
399.9892385491384
400.3600643099172
400.6935113523936
400.98081258399986
401.2253272679986
401.4414059492995
401.65036716197034
401.8747109115656
402.1321370774542
402.4309564717335
402.76808174837464
403.1300789379142
403.4969408314206
403.8475295736449
404.1652142895637
404.4422061739649
404.68146681351084
404.8957293585541
405.1039454933489
405.3261473557342
405.5781154930017
405.8672702226837
406.1908541928592
406.53684773507086
406.8873264387296
407.2233279652894
407.52991103108747
407.80006101377285
408.0364252734452
408.2504539447674
408.45921721147835
408.68078198929385
408.92939871836825
409.21177909831835
409.5254355485024
409.85949058292897
410.19770232255587
410.5228681199659
410.8214154659396
411.0869579713949
411.32188765812606
411.53661025938044
411.7466620124467
411.9685054523238
412.2151407364046
412.49270132776195
412.7989243611675
413.12387514901906
413.45270100982606
413.769653667656
414.0622931854181
414.32475342847414
414.5592140512191
414.77521244500764
414.98700818145613
415.2097271894335
415.4553273871233
415.72946092681156
416.03005549242073
416.3479691722183
416.66951747776164
416.9801759667521
417.2684584140777
417.5289367256653
417.76361029185813
417.98128152020627
418.19512888247874
418.4191457825919
418.6644068421322
418.93615714022206
419.23248873332057
419.5449371597581
419.8608158166828
420.1666459792766
420.45175649432434
420.71109314588784
420.94649941917726
421.1661458679497
421.38228173009753
421.60792684813765
421.8533967426538
422.123587740858
422.4167361075847
422.7249646539305
423.03645099069064
423.33862185942974
423.6215115805708
423.8803886407828
424.1169592481855
424.3388431572635
424.55748035593825
424.78504318736594
425.03118697286084
425.3005061402427
425.59136565210514
425.89640415461724
426.2045569961204
426.5040442066135
426.78551748106383
427.0445263807947
427.2826540697174
427.507033980632
427.7283929562453
427.9581572978422
428.2054021717695
428.4744585236461
428.7638082208663
429.0665486403484
429.3722870825876
429.6699459933386
429.9507226080302
430.2104130740745
430.45048824815336
430.67764694122855
430.9019806361574
431.13425223255297
431.3830224376999
431.6523908392476
431.9409474980375
432.242202670239
432.54636593978455
432.8429878196475
433.12375179711967
433.3846715207711
433.62711338420996
433.85738316744283
434.0850003980725
434.32013252229166
434.570880374704
434.84113958378435
435.12960236206106
435.43015507758065
435.73355278767593
436.02991281555893
436.31135546130696
436.5740869053054
436.8193744192283
437.05316412163523
437.2844554346909
437.52287659849185
437.77611443245144
438.04788447320203
438.3369774817788
438.6376267423312
438.94108650809136
439.2379902613143
439.52085354090894
439.7860532190046
440.03476050797235
440.27258833734106
440.50805835403105
440.75030633290964
441.00664399731215
441.2806280852281
441.57114667388356
441.87275732863304
442.17717611994465
442.4755108499719
442.76063711319784
443.0290829796595
443.28192447051066
443.52446179774455
443.76477309369244
444.0115405218757
444.2717340733451
444.54877123031537
444.84163862641276
445.14520144266953
445.4516080045729
445.75240614826276
446.04080163705004
446.31345594251246
446.57134851900344
446.8194818792961
447.0655178276398
447.317717076606
447.58273680290085
447.8638738072693
448.16021729807824
448.46692918164325
448.776567697077
449.0810931737133
449.3740161613628
449.65211486999436
449.9162683785809
450.17119130441534
450.424149855974
450.6830096342965
450.95414042220125
451.240736786411
451.5419978932182
451.85337750628673
452.1678285595466
452.47770270546295
452.776793879374
453.061980985629
453.3340361365799
453.5973905803023
453.85892949671904
454.12614452982876
454.4051408989947
454.69903030358574
455.00713363541513
455.32519849845124
455.64656493363384
455.96396124337
456.27144709672814
456.5659861898122
456.8482337554434
457.1223365410403
457.39480708586035
457.6727795412543
457.9621158446944
458.265866612649
458.5834923644377
458.9110450966471
459.2422533923568
459.57021486159243
459.8892411806999
460.1963646674158
460.4921096919558
460.7803309958876
461.06717041630367
461.359416911457
461.66271037535256
461.9800669847924
462.311114013086
462.6522302373846
462.99754613483
463.3405306526245
463.67573858955024
464.0002542732355
464.3144522577567
464.6218804024921
464.92830498599125
465.24017889043404
465.5629438820902
465.89961766513113
466.250036390115
466.6109461167846
466.9769102949321
467.3417850619086
467.7003668461753
468.04977557815647
468.3902114120393
468.724892211241
469.05919732165813
469.3992521577687
469.7503328222841
470.11551298799566
470.49490650504964
470.8856981779535
471.28294547119685
471.68093138937536
472.074706642379
472.4614140372663
472.841050404494
473.21647340501926
473.5926610969097
473.97542784410996
474.3699397618222
474.77942064134373
475.2043840517876
475.64258511176064
476.08969481012906
476.5405113158259
476.9903856196341
477.43648800724253
477.87858905822924
478.319160109593
478.762777789241
479.21499776337765
479.68099739906273
480.16434163899913
480.6661884683463
481.18513158825147
481.71771060904274
482.2594473504303
482.80613491686995
483.355047037285
483.9057621676719
484.46040108106655
485.0232296465611
485.59974011872555
486.19545336072923
486.8147493122056
487.46001919224113
488.1313461864297
488.82678558657466
489.54316582584283
490.2772060022414
491.02667344715945
491.7913023770152
492.5732597308245
493.3770587082664
494.2089550192596
495.0759828099423
495.98486863917157
496.94108569707925
497.948273842984
499.0081650081337
500.1210393866296
501.2866217030062
502.505233472636
503.7789649532713
505.11262833858086
506.51430037473693
507.9953478433776
509.5699369723393
511.25413861318026
513.064835808804
515.0187023765139
517.1315375916791
519.4182055055193
521.8933368415856
524.5728133551002
527.4758840712069
530.627583601372
534.0609655946014
537.8185637736326
541.9524813355647
546.5226098567501
551.5926976205704
557.224308502927
563.4690959105009
570.360200405133
577.9038909652793
586.07273596564
594.8015554865369
603.987147645173
613.4923158214095
623.1541119173988
632.7955502509162
642.2394544118296
651.3226901523809
659.9088995409071
667.8980268310157
675.2313977434239
681.8918053059334
687.8988450219023
693.300484898164
698.1624128987004
702.5569719736559
706.5534245910756
710.2109060259849
713.5748134013497
716.6766659019269
719.5368082373683
722.1688471830624
724.5844995388597
726.7976169524956
728.8265002839149
730.6941293647316
732.4264863594761
734.0496131627713
735.5863134569498
737.0534363950004
738.460469917878
739.8097920105885
741.0984806379687
742.3211825383603
743.4732858299647
744.5535897162885
745.5658215242258
746.5186692800072
747.4243903786322
748.2964209261269
749.1466536884283
749.9831164172765
750.8086553651261
751.6209489979269
752.4138205185246
753.1794789112779
753.9110841406305
754.6049611148268
755.2618937913336
755.8871836742911
756.4894869792108
757.0787642825605
757.6639023289378
758.2506426117725
758.8403585671668
759.4299900187077
760.0131334217108
760.5819820767025
761.1295915787449
761.651868445475
762.1487622286675
762.624359380889
763.085871371028
763.5418014718447
763.9997874246644
764.46469583747
764.9374697564298
765.4150250025821
765.8912095905914
766.3585590484638
766.8103730861006
767.2425597173564
767.654761089929
768.0504711983831
768.4361260789876
768.8194196290717
769.2073006946677
769.6041866584335
770.0108656436956
770.424371820018
770.8388571332752
771.2472180480083
771.643037810683
772.0223252123646
772.384589825493
772.7329742694309
773.0734171841145
773.413078412249
773.7584519107676
774.1136711634896
774.4794562868191
774.85297751988
775.2286637338387
775.5997329675677
775.9600317304867
776.3056910001143
776.6361595551698
776.9543444772069
777.2658284220784
777.5773792836452
777.8951546407081
778.2230816347218
778.5618426403884
778.9087325818601
779.258419628003
779.604400098006
779.9407549181611
780.2637373591648
780.5727699957508
780.8705891708178
781.16250424699
781.4549751211302
781.753891879045
782.0630173670417
782.3830070260077
782.7112637342055
783.042661076149
783.3709366235413
783.6903793357858
783.9973590506936
784.2912909273804
784.5747809224993
784.852918417464
785.131909883874
785.4174221751105
785.7130793681638
786.0195135249934
786.3342195969233
786.6522486251638
786.9675494229427
787.2745968724123
787.5698704629102
787.8527890870955
788.1258554475378
788.3939758133265
788.6631412593524
788.9388260403198
789.2245324072467
789.5208698023939
789.825411613926
790.1333637210053
790.4388620408156
790.7365491984832
791.0230076516156
791.2976670809671
791.5629462311475
791.8235951168946
792.0854173339757
792.3537169696378
792.6318865193066
792.9205125193263
793.2172354403674
793.5173976808892
793.8153027128113
794.1057459245671
794.38540667972
794.6537301183844
794.9130653412724
795.1680264667439
795.4242509454691
795.6868898539474
795.9592350259244
796.2418494763381
796.532431374968
796.8264446771651
797.1183443882492
797.4030661996491
797.6773809882669
797.9407525435124
798.1954712916008
798.4460313744061
798.6979209252409
798.9561515910176
799.2239217055277
799.5017701123786
799.7874449130169
800.0765192641419
800.3635864019889
800.643711833467
800.9137531686977
801.1731950663343
801.4242779035466
801.6713886112241
801.9198796220188
802.1746342042819
802.4387630332922
802.712780212554
802.9944773100327
803.2795263637848
803.5626476535167
803.8390275675122
804.1056061993457
804.3618906349125
804.6100781274465
804.8544588458084
805.1002607737877
805.3522479972136
805.613448431996
805.8843509916171
806.1627852915839
806.44451353578
806.7243735251046
806.9976648305669
807.2614062300441
807.515128327887
807.76099090972
808.0031960832931
808.2468568449367
808.4966258930128
808.755452585231
809.0238003180857
809.2995321786617
809.5784930996863
809.8556302087158
810.1263495549207
810.3877451826147
810.639371967996
810.8833569161451
811.1238214250549
811.3657715775256
811.6137553944327
811.8706473427393
812.13688508832
812.4103612972527
812.686997224465
812.9618422017006
813.2304028612451
813.4898454194542
813.739749528183
813.9822133437611
814.2212838432807
814.4618671729638
814.7084125274523
814.963722731008
815.2282096042549
815.4997920576812
815.7744621012648
816.0473650245389
816.3141028148398
816.5719110421911
816.8203944504999
817.0616256805368
817.2995827265917
817.5390778927714
817.7844667063488
818.0384832595114
818.301513496991
818.5714996982546
818.8444997523786
819.1157493843134
819.3809412640788
819.6373777342191
819.8846888045514
820.1249244520303
820.3619984348871
820.6006345887772
820.845099365054
821.0980607574555
821.3598788741822
821.6285168689883
821.9000942088375
822.169932136403
822.4338097998564
822.6890939385589
822.9354398926322
823.1748774347227
823.4112602645657
823.6492285263635
823.8929637153317
824.1450701289801
824.405882135992
824.6733815878264
824.9437457104444
825.2123768564834
825.4751368454325
825.7294546170416
825.9750108214602
826.2138171633408
826.4496709874372
826.6871330236929
826.9303035339368
827.1817253254289
827.4417071714118
827.7082477121712
827.9775785220239
828.2451790897229
828.5069904403547
828.7605016752088
829.005418668384
829.2437369238464
829.4792007359706
829.7162952745147
829.9590429527323
830.2099271250078
830.4692311513438
830.7349687788142
831.0034228677587
831.2701464414847
831.5311565599552
831.784000586613
832.0284094821614
832.2663641912536
832.5015589236746
832.7384067814573
832.9808554235926
833.2313306424641
833.4900905976913
833.7551626545625
834.0228781964794
834.2888605016021
834.5491997511085
834.801499795423
835.0455165045646
835.2832177139436
835.5182502243583
835.7549582508872
835.9972175406418
836.2473980863389
836.5057330845243
836.7702621961441
837.0373628237793
837.3027255009686
837.562510842006
837.8143775204113
838.0581061071881
838.2956526153959
838.5306188620253
838.7672830852374
839.0094517424416
839.2594406752766
839.5174583738475
839.7815556154908
840.048153543727
840.3130071935681
840.5723451235223
840.8238792665607
841.0674146623498
841.3048966483785
841.5398842654048
841.7765924479141
842.0187607919481
842.2686525352616
842.5264517332445
842.7902192247111
843.0564178135729
843.3208644989033
843.5798534714744
843.8311484508091
844.0745786945554
844.3120798903717
844.5471703200901
844.784004079344
845.0262561594229
845.276138650426
845.5338114563694
845.7973445311189
846.0632404325918
846.3273757784389
846.586108237793
846.8372519263539
847.0806600552298
847.3182595828522
847.5535298821176
847.7905664901392
848.0329818970861
848.2829384195662
848.5405721023316
848.8039611629863
849.0696461613059
849.3335611590659
849.592125291734
849.843201756177
850.0866674422565
850.3244414079993
850.5599658194607
850.797279771411
851.0399352195394
851.290046006742
851.5477246170612
851.8110567643184
852.0766193952587
852.3404019944818
852.5988832797204
852.8499742831017
853.0935752913141
853.3315982103209
853.5674495700842
853.8051139924663
854.0480847420931
854.298428420224
854.5562342533118
854.8195947580354
855.085121775942
855.3488583309193
855.607340954806
855.8585273326764
856.1023408613285
856.3406869721445
856.5769380125987
856.8150259693514
857.0583871480923
857.3090420786876
857.567057036179
857.8305307126858
858.0961084625998
858.3598850900203
858.6184532781652
858.8698162414779
859.1139201973524
859.3526647174689
859.5893893155451
859.8279750620534
860.0718029350105
860.3228485065061
860.5811554082195
860.8448279392012
861.1105436841319
861.3744475811503
861.633186898408
861.8848093105731
862.1292835649871
862.3685039330295
862.6057783491892
862.844938579468
863.0893118137823
863.3408297280906
863.5995136197208
863.8634728790198
864.1294161284362
864.3935368968072
864.6525355590347
864.9045032314915
865.1494309010764
865.3892080489925
865.6271122001673
865.8669273305816
866.1119282980655
866.3640038963292
866.6231533976569
866.8874908157584
867.1537547002272
867.4181857212859
867.6775359636221
867.9299390140409
868.1754078100612
868.4158275089932
868.654446319249
868.895001852864
869.1407180153052
869.3934416879953
869.6531504273402
869.9179624457518
870.184645184168
870.4494850912079
870.7092846394044
870.9622189589899
871.2083226516652
871.4494769781023
871.6889018539481
871.9302898729393
872.1768152981643
872.430284028351
872.6906522128214
872.9560418775295
873.2232483876359
873.4886026867471
873.7489563828861
874.0025252643566
874.2493653140531
874.4913542885427
874.7316847717319
874.9740056114442
875.2214426746041
875.475761769799
875.7368979476734
876.0029766988852
876.2708204090561
876.5368033070664
876.7978249488981
877.0521409349484
877.299828350671
877.5427618102502
877.7841074701129
878.0274716378242
878.275932972093
878.5312180500645
878.7932411319237
879.0601308578862
879.3287357890684
879.5954722984992
879.8572867632801
880.1124737873765
880.3611312854273
880.6051310637592
880.8476137042961
881.092144119304
881.3417548941107
881.5981342023595
881.8611758222485
882.1290112599941
882.3985144621759
882.6661428690581
882.9288886091811
883.1850845174315
883.4348490704909
883.6800515775747
883.923807852925
884.1696425034384
884.4205431276986
884.6781602961275
884.9423676143881
885.2112992011562
885.4818536502017
885.750528452654
886.0143604730301
886.2717200391827
886.5227459300283
886.7693052479665
887.0144898051318
887.2617849433869
887.5141343178111
887.7731516714234
888.0386907488426
888.3088880566679
888.580666146866
888.8505616026478
889.1156550609504
889.374353638575
889.6268161655274
889.8749078106
890.1216971129746
890.3706311455811
890.624610624665
890.8852132206064
891.1522731320105
891.4239290574818
891.6971268657352
891.9684413286815
892.2349959423879
892.4952339423044
892.7493339687102
892.9991595164585
893.2477565494407
893.4985348289769
893.7543531036126
894.0167537085813
894.2855516171101
894.5588875528641
894.8337301065186
895.10669138938
895.374936892787
895.6369453346957
895.8929149373514
896.144707771722
896.3953478978144
896.6482086896723
896.9061078711997
897.170553167074
897.4413406542186
897.7166129446676
897.9933608030643
898.2682328846013
898.5384358616052
898.8024833338654
899.0605928927203
899.3146254302633
899.5675837536064
899.8228057472854
900.0830690317442
900.3498474380592
900.6229184882576
900.9004265787886
901.1793841484981
901.4564756557853
901.7289481906741
901.9953496720847
902.255916867027
902.5125097342843
902.7681104654969
903.0260223343815
903.2889837646069
903.5584354095648
903.8341365955216
904.1142334362479
904.3957595964108
904.6754346545539
904.9505454092464
905.2196735779753
905.4830749350782
905.7426087593176
906.0012372591682
906.2622299663076
906.5282870090166
906.8008165864675
907.0795602135796
907.3626656976332
907.6471875376708
907.9298798121573
908.2080683787686
908.4803682817083
908.7470541673891
909.0099849051497
909.2721033584191
909.5366461874855
909.8062761333146
910.082369683439
910.3646509618434
910.6512694985345
910.9393003014063
911.225531400184
911.5073271310322
911.7833354518644
912.0538497906248
912.3207289084027
912.5868969822792
912.8555586894851
913.1293403146791
913.4095874115287
913.6960071849574
913.9867509846287
914.2789140817576
914.5693179941444
914.8553650390359
915.1357357494037
915.4107423060177
915.6822437124504
915.9531461594366
916.2266232692456
916.5052658470296
916.7903893485828
917.0816846058184
917.3773049749018
917.6743658466405
917.9697218710405
918.2608129547363
918.5463519653019
918.826669895208
919.103626418742
919.3801105117212
919.6592657412745
919.9436484888859
920.2345450405912
920.5316305095747
920.8330605692021
921.1359707218444
921.4372485354287
921.7343712552821
922.0260839783732
922.3127366947969
922.5961902975855
922.8793174356913
923.1652327404715
923.4564593545235
923.7542554657058
924.0582812831901
924.3666952848369
924.676653265567
924.9850756928226
925.2894770969167
925.5886348927872
925.8829184430153
926.1741905930168
926.4653087394888
926.7593598907948
927.0588353416367
927.3649664767236
927.6773996584152
927.9942969166766
928.3128347943677
928.6299669234252
928.9432453528842
929.251480192466
929.5550608405377
929.8558531194933
930.1567005465395
930.4606641309973
930.7702050403125
931.0865295028892
931.4092714665284
931.7365976575192
932.065706236471
932.393584692475
932.7178232641025
933.0372655772651
933.3523221823611
933.6648633681671
933.9777206272225
934.293931099006
934.6159280778054
934.9448948471522
935.2804549685071
935.6207816338554
935.9630961420263
936.3044212043418
936.6423866115216
936.9758710383468
937.3053080371726
937.6325746139976
937.9604928873429
938.292079092675
938.6297417874243
938.9746444516286
939.3264032657365
939.6832006784356
940.0422837100618
940.4007127608279
940.756159676525
941.1075408956557
941.4553160527217
941.801372408497
942.1485267101729
942.4997786800371
942.857516777903
943.22288940427
943.5955100249517
943.9735748731784
944.3543610844365
944.7349710985175
945.1131232808973
945.4877765962813
945.859421986909
946.229962762685
946.6022166835096
946.979173865701
947.363209968525
947.7554658384081
948.1555598373512
948.561709596971
948.9712299899295
949.3812732225778
949.7896121806095
950.19525683077
950.5987385616157
951.0019866628385
951.4078306725243
951.8192626520099
952.2386576744232
952.6671617543151
953.1044112397904
953.5486585401399
953.9972699482499
954.4474615384769
954.8970754331843
955.3451881716368
955.7923882439737
956.2406488337164
956.6928305137621
957.1519478741508
957.6203972158219
958.099352628706
958.588492324243
959.0861282795329
959.5897039574779
960.0965261728169
960.6045345420224
961.1129021396399
961.6223065472101
962.1347991260266
962.6533082333909
963.1809102651271
963.7200645240517
964.2720173690606
964.8365354260822
965.412039166032
965.9961006675384
966.5861717433564
967.180346998532
967.7779572856222
968.3798348004528
968.9881793688276
969.6060625661457
970.2367034362952
970.8827106932285
971.5454950510691
972.2250094542937
972.9198868450584
973.6279384061364
974.3468785998421
975.0750826890911
975.8121739941539
976.5592841026245
977.3189172124261
978.0944561014493
978.8894433443007
979.7068315673534
980.5484046555064
981.4145257856986
982.3042803797592
983.2159761386897
984.1478666750648
985.0989055384669
986.0693296027931
987.0609168887084
988.0768514993205
989.1212339091378
990.1983700365995
991.3120318365898
992.4648897126763
993.6582709039967
994.8923105859557
996.1664572239604
997.4801989608623
998.8338188929184
1000.228979749773
1001.6689846464917
1003.1586477832802
1004.703813803342
1006.3106588547861
1007.9849649563218
1009.7315663716821
1011.5541204879881
1013.4552685852567
1015.4371472325831
1017.5021168731454
1019.6535156416336
1021.8962391843136
1024.2369930625528
1026.6841508247194
1029.247254740833
1031.9362895683453
1034.7609174453087
1037.729868527057
1040.8506354414149
1044.1295323865381
1047.5720749961388
1051.183542924716
1054.9695287127972
1058.9362697134268
1063.0906069411167
1067.4395037487404
1071.98916541232
1076.7439003104737
1081.7049291794467
1086.869364714915
1092.2295465740156
1097.7728373747723
1103.481885055913
1109.3352622113007
1115.3083277294688
1121.3741355798325
1127.50424263477
1133.6693316840542
1139.8396470002822
1145.9853134784669
1152.0766547116148
1158.0846273509126
1163.9814480910895
1169.7414175347874
1175.3418631853679
1180.7640564047676
1185.9939263445954
1191.022409141045
1195.8453317199628
1200.462822290935
1204.8783407681642
1209.0975056905395
1213.1269375237891
1216.973329409495
1220.6428968654131
1224.1412623248052
1227.473722960802
1230.6457584194386
1233.6635823080683
1236.534540763952
1239.2672126478626
1241.8711547659602
1244.356338069733
1246.732409585346
1249.0079662534567
1251.1900273686394
1253.2838420001783
1255.293080348119
1257.2203570302677
1259.0679469627273
1260.8385042368068
1262.5355946807222
1264.163903530969
1265.7290672109234
1267.237179154388
1268.6941068966835
1270.1048079525865
1271.47283191237
1272.8001458308556
1274.0873329411947
1275.3341143854782
1276.5400569374954
1277.7052798288648
1278.8309740978539
1279.9195982125214
1280.974700517817
1282.0004190025263
1283.0007951635519
1283.9790882465416
1284.9372756384928
1285.8758748791815
1286.7941361981814
1287.6905549307257
1288.5635673319744
1289.4122441962647
1290.2367974204672
1291.0387649694046
1291.820826048789
1292.586297463182
1293.3384475175574
1294.0798125266995
1294.811700007197
1295.5340122676616
1296.2454379516696
1296.9439602796488
1297.6275458003709
1298.2948291669006
1298.9456107072629
1299.5810339705572
1300.203396412773
1300.815644834174
1301.4206916662968
1302.0207360821712
1302.6167723673805
1303.2084175119824
1303.7941041637018
1304.3715869866498
1304.938626429539
1305.493666453871
1306.0363245947929
1306.567563279138
1307.0894969870064
1307.6048875911858
1308.1164638024452
1308.6262476756808
1309.1350690162158
1309.6423978912048
1310.146539939469
1310.6451417681208
1311.1358705750388
1311.6170855369498
1312.0883209155652
1312.550451555854
1313.0054968164575
1313.4561160372687
1313.904931354788
1314.3538598458197
1314.8036342666783
1315.2536408413855
1315.7021173274265
1316.1466578589627
1316.5848888037408
1317.0151341296041
1317.4368917926686
1317.8509935681118
1318.2594058317916
1318.6647251959114
1319.0695047250051
1319.475591768911
1319.883655128643
1320.2930282640777
1320.7019102995196
1321.107870519071
1321.508520659506
1321.902174427525
1322.2883172946508
1322.6677607301974
1323.042439853748
1323.4149092242387
1323.7876724297523
1324.162525593832
1324.540090981336
1324.919665677684
1325.299425623798
1325.6769298794763
1326.0497894763446
1326.4163211981052
1326.7760108653401
1327.129662014633
1327.479190425879
1327.827120037288
1328.1759158655093
1328.5273331443805
1328.8819573493954
1329.2390583579931
1329.5967975572407
1329.9527319466822
1330.3044796379932
1330.650367983247
1330.9898904167121
1331.3238496174424
1331.6541489144863
1331.983288300511
1332.31370063579
1332.6471063693255
1332.9840599443517
1333.3238094270848
1333.6645067054787
1334.0037114786771
1334.3390534697994
1334.6688749735447
1334.992681315556
1335.3112785354035
1335.6265616760536
1335.9410108726886
1336.2570307955712
1336.5763109005372
1336.8993781698925
1337.2254621846605
1337.5527084179696
1337.8786821436358
1338.201027416513
1338.518104103068
1338.829432016088
1339.1358231564182
1339.4391668970768
1339.7419261282998
1340.0464798970754
1340.3544891335985
1340.6664556777832
1340.9815927626448
1341.29804139657
1341.6133742141221
1341.9252512706198
1342.2320516145076
1342.5333111538223
1342.8298494967687
1343.1235520445414
1343.4168661777105
1343.7121470531715
1344.011028753827
1344.3139895488337
1344.6202277511527
1344.927881176766
1345.234530954337
1345.5378541752639
1345.8362500633186
1346.1292716284656
1346.4177471478522
1346.7035591844567
1346.9891408034227
1347.2768244899403
1347.5682186705392
1347.8637791542244
1348.1626903243002
1348.463087658328
1348.7625615086224
1349.058806645015
1349.3502430746828
1349.6364415382382
1349.9182396738652
1350.197517981352
1350.476696059898
1350.7580846129263
1351.0432672906757
1351.3326782590875
1351.6254886841346
1351.9198322932893
1352.2133091353587
1352.5036320500667
1352.7892421889007
1353.069728407741
1353.3459381576693
1353.6197504158627
1353.8935719388176
1354.169692322294
1354.4496711162565
1354.7339214684994
1355.0216018585415
1355.3108446791825
1355.5992599814967
1355.884578902808
1356.1652639375766
1356.4409222801378
1356.712411486217
1356.9816093936467
1357.2509103869565
1357.5225834826122
1357.7981646687156
1358.078046570747
1358.3613753914
1358.646282489199
1358.930388112347
1359.2114418145404
1359.4879275233034
1359.7594708856566
1360.026939744633
1360.2922110739194
1360.557667251446
1360.8255571418258
1361.097393614561
1361.373549179856
1361.6531580904143
1361.934350892906
1362.2147581526483
1362.4921478848817
1362.7650254664682
1363.0330350365207
1363.2970548322753
1363.558961162631
1363.8211246897838
1364.085774482345
1364.3544006671057
1364.62735598356
1364.903763003583
1365.1817516306655
1365.4589628159865
1365.7331830311691
1366.002939067875
1366.2678935445874
1366.528935146108
1366.7879396616206
1367.0472662746206
1367.309124561614
1367.5749822337523
1367.8451725594753
1368.118806658064
1368.3940139209183
1368.6684457183965
1368.939906938639
1369.20694571828
1369.4692431057138
1369.7276982482767
1369.9841865209432
1370.2410558258346
1370.500496512698
1370.7639541679487
1371.0317428556623
1371.3029624411995
1371.5757419083463
1371.8477430552834
1372.1167891227767
1372.3814494979774
1372.6414235836223
1372.8976209766574
1373.1519167140223
1373.4066475839145
1373.663984945448
1373.925352523815
1374.1910454207145
1374.4601524245516
1374.730802196931
1375.000666955261
1375.2675882124202
1375.530156494433
1375.788089464155
1376.0423071347252
1376.2946842591339
1376.5475466561973
1376.8030469078985
1377.0625871205302
1377.326443656513
1377.5936943880513
1377.8624677262594
1378.1304462871435
1378.3954897637755
1378.6562096974817
1378.9123419036662
1379.1648167630522
1379.4155087818815
1379.6667329362372
1379.9206232266051
1380.1785603659544
1380.4408021857887
1380.706415790571
1380.9735294026264
1381.2398360075933
1381.5032133791183
1381.762293942098
1382.0168315473973
1382.2677668833699
1382.516974233621
1382.7667578439236
1383.0192333144992
1383.2757601770625
1383.5365779288334
1383.8007430455136
1384.0663836150468
1384.3312029580488
1384.5930968240903
1384.8507183844777
1385.1038394017226
1385.3534108033402
1385.6013066641312
1385.8498206004738
1386.1010499817337
1386.3563333593283
1386.615892083307
1386.878772132166
1387.1431015085363
1387.4065938295823
1387.6671627130536
1387.9234819360681
1388.175341044307
1388.4237011295659
1388.6704360634933
1388.9178289245306
1389.1679590107083
1389.4221440847848
1389.6805875288785
1389.942324949928
1390.2054843104102
1390.467789483231
1390.727171844895
1390.9823256357665
1391.2330580530852
1391.480340273216
1391.726045963727
1391.9724477486795
1392.221607005881
1392.4748208931153
1392.7322749971763
1392.992994674315
1393.255107889156
1393.516348728189
1393.7746662166098
1394.0287749145814
1394.2784995373124
1394.5248212623972
1394.7696135470353
1395.0151386377688
1395.263440136029
1395.5157947714092
1395.7723705022986
1396.0321825512046
1396.2933589251302
1396.553643881393
1396.811003983943
1397.0641739692278
1397.312995935719
1397.5584609761936
1397.8024423267839
1398.0471919276204
1398.2947357412363
1398.5463302397386
1398.8021259150792
1399.0611279696882
1399.3214644916916
1399.5808898664409
1399.8373880873974
1400.0897139243134
1400.3377267237645
1400.5824274056663
1400.8256889707186
1401.0697531187393
1401.3166283051862
1401.5675509099558
1401.8226541161507
1402.0809332170118
1402.3405164194883
1402.5991681945445
1402.8548898570223
1403.1064560679865
1403.3537432870057
1403.5977621716474
1403.8403854697358
1404.083844702463
1404.330130944952
1404.5804606452593
1404.8349498313037
1405.092583995632
1405.3514915010053
1405.6094468622587
1405.8644686089028
1406.1153511526481
1406.3619879313767
1406.6053992498119
1406.8474575828513
1407.0903843308213
1407.3361533106358
1407.5859611944022
1407.8399070049627
1408.0969665405783
1408.355268356351
1408.6125969701468
1408.866988021077
1409.1172555324054
1409.3633097863744
1409.6061806436987
1409.8477402840717
1410.0902000411813
1410.3355165916314
1410.5848669833415
1410.8383333809263
1411.0948819929201
1411.3526416030281
1411.609406692374
1411.8632299064047
1412.1129447426038
1412.3584781945717
1412.6008695874525
1412.841990781539
1413.084043094907
1413.3289661778438
1413.5779176020076
1413.8309628176205
1414.087058546395
1414.3443338367786
1414.600593094562
1414.8539058701822
1415.1031249999
1415.348194056793
1415.5901617386912
1415.830899560626
1416.0725988731604
1416.317182410628
1416.565788412765
1416.8184657564288
1417.0741617779138
1417.3310058265395
1417.586812195439
1417.8396672406857
1418.0884430038627
1418.3330995068943
1418.5746947285436
1418.8150998112667
1419.0564961835187
1419.3007897706477
1419.5490996214328
1419.8014581777607
1420.0568034905384
1420.3132652461607
1420.5686675890997
1420.8211135837555
1421.069494345629
1421.3137862162082
1421.555056363565
1421.7951755289882
1422.0363152617376
1422.2803647819508
1422.5284240852257
1422.7805093143877
1423.0355493337215
1423.2916742030359
1423.5467178834967
1423.798800052591
1424.0468307704236
1424.2908025701838
1424.531791717868
1424.7716685238759
1425.012594698864
1425.2564428585201
1425.5042940800117
1425.7561483406578
1426.0109254157044
1426.2667557749003
1426.5214831628368
1426.7732437769303
1427.0209664946897
1427.2646599146149
1427.505409309571
1427.7450845283438
1427.9858374814094
1428.2295242779112
1428.4772072084547
1428.7288702161668
1428.983424083735
1429.2389997275948
1429.493450643881
1429.7449294588623
1429.9923837423758
1430.2358380333474
1430.4763865208581
1430.7158985604597
1430.9565162988347
1431.2000794337725
1431.447631598434
1431.69914083093
1431.9535090168279
1432.2088675562463
1432.4630796663673
1432.7143143133048
1432.9615376362697
1433.2047899912618
1433.4451743933846
1433.684559672533
1433.9250782460672
1434.1685534930264
1434.4160105156095
1434.6674015740407
1434.9216197512221
1435.1767969682198
1435.4308061341465
1435.681832468007
1435.9288605575432
1436.171946454021
1436.4122019088818
1436.6514951932213
1436.8919490277374
1437.135370562853
1437.382766493763
1437.6340734279706
1437.8881757392319
1438.1432059071083
1438.397046504895
1438.6478989195627
1438.8947660686372
1439.1377195783955
1439.377879847478
1439.6171145543908
1439.857536754117
1440.1009374562336
1440.3483050704635
1440.5995606748684
1440.853580026687
1441.1084962018197
1441.3622014113475
1441.6129131272858
1441.8596524802724
1442.1025065528927
1442.342604302427
1442.5818127804155
1442.8222354054496
1443.0656471317677
1443.3130182028208
1443.5642542886937
1443.818222621887
1444.0730569127843
1444.3266589851928
1444.5772623152254
1444.8239061320123
1445.0666928572932
1445.3067599190326
1445.5459737069036
1445.7864280308859
1446.0298818732156
1446.2772874280263
1446.5285350771446
1446.782483619298
1447.037267437809
1447.2907979454671
1447.5413245434804
1447.7879044468762
1448.0306553009368
1448.2707229169832
1448.509972987443
1448.7504897399988
1448.9940162661383
1449.2414868254707
1449.4927766295984
1449.7467361336664
1450.001500432703
1450.254990506035
1450.5054716028758
1450.7520188135538
1450.9947648928162
1451.2348639486554
1451.4741809404504
1451.7147905385061
1451.9584200228153
1452.2059858311734
1452.457348121371
1452.711349094417
1452.9661245961329
1453.219605151215
1453.4700717816756
1453.7166173445182
1453.9593895913983
1454.199550840958
1454.4389652833406
1454.6796980550669
1454.9234607019673
1455.1711519507282
1455.4226170201791
1455.676689945929
1455.9315073640016
1456.1850093245569
1456.4354925490502
1456.6820675544775
1456.9248969783587
1457.1651512646372
1457.404693797696
1457.6455802026023
1457.8895063665145
1458.1373534137813
1458.388951737616
1458.643127296288
1458.898017555761
1459.151572072994
1459.4021031973539
1459.6487390010625
1459.8916568979598
1460.1320353726323
1460.3717369668773
1460.612807815442
1460.8569282205317
1461.1049618110703
1461.3567242665533
1461.611033555325
1461.8660280133618
1462.1196666869835
1462.3702774837325
1462.6170059281812
1462.8600441024357
1463.1005784477695
1463.3404706263095
1463.581757302479
1463.8261032655535
1464.0743547541554
1464.3263128445699
1464.5807876020208
1464.835918272911
1465.0896733766976
1465.3403963111327
1465.5872499521315
1465.830440943493
1466.071163599937
1466.3112786666163
1466.5528133565488
1466.7974170164798
1467.0459185981367
1467.2981046837672
1467.5527775217035
1467.8080773095417
1468.061982024854
1468.312850489385
1468.5598628312318
1468.8032401507865
1469.0441845537073
1469.2845558306867
1469.5263717612413
1469.7712663184336
1470.0200512688548
1470.2724988086134
1470.52740345484
1470.7829063974543
1471.0369950583163
1471.2880436186758
1471.53524936148
1471.778847740084
1472.0200485693226
1472.260710647805
1472.5028423384945
1472.7480623081392
1472.9971652383788
1473.249909045865
1473.5050806017161
1473.7608221296875
1474.0151304832898
1474.2663951405057
1474.5138304436161
1474.757686096777
1474.9991795430055
1475.2401685511074
1475.4826520835513
1475.7282335667326
1475.977690696024
1476.2307672141496
1476.4862424309472
1476.7422596459194
1476.9968251327823
1477.248343605184
1477.4960463710302
1477.740197284585
1477.9820213368466
1478.2233752290454
1478.4662485383872
1478.7122295155493
1478.962078966898
1479.2155265656706
1479.4713441447454
1479.7276761217092
1479.9825381802352
1480.234350210271
1480.482360393441
1480.7268466349053
1480.9690413942574
1481.2108002673824
1481.4541034606978
1481.700524112549
1481.9508062362127
1482.2046655388629
1482.4608664603793
1482.717554579226
1482.9727549799964
1483.2249026712748
1483.473262618304
1483.718126679422
1483.9607347042852
1484.202941145717
1484.4467168531387
1484.6936199147872
1484.9443776455082
1485.198691888893
1485.4553197754835
1485.7124080879078
1485.9679913038717
1486.22051949465
1486.4692743208223
1486.714561497701
1486.957628187366
1487.20032766198
1487.4446214271575
1487.6920525821781
1487.9433318369502
1488.1981472731036
1488.4552487952674
1488.7127844340612
1488.9687980537585
1489.2217547341113
1489.470952744593
1489.7167115628372
1489.9602855866497
1490.2035268701202
1490.4483875877331
1490.6963959099894
1490.9482460342883
1491.2036123811529
1491.4612377125657
1491.719271351563
1491.975766543743
1492.22920332489
1492.4788964888016
1492.7251791823692
1492.969312963431
1493.2131486308608
1493.4586290402735
1493.70726749271
1493.9597417645348
1494.2157127153546
1494.4739160477013
1494.7325024221225
1494.9895344616548
1495.2435071074847
1495.4937515950833
1495.740614649186
1495.9853649130487
1496.2298518935493
1496.476009139394
1496.7253351407412
1496.9784913435697
1497.2351251462132
1497.493965274983
1497.7531637737868
1498.0107926406438
1498.2653616733905
1498.5162184685057
1498.763723238879
1499.0091516397397
1499.2543518496661
1499.5012481222432
1499.7513241947288
1500.0052252726773
1500.262585392386
1500.52212638733
1500.782001731489
1501.0402927969308
1501.2955241913533
1501.5470597936476
1501.79527321699
1502.0414470564224
1502.2874281265294
1502.53513139754
1502.7860259113581
1503.0407407225566
1503.298896604381
1503.5592085811581
1503.8198316046446
1504.0788564216643
1504.3348224050621
1504.5871096397311
1504.8361050532096
1505.0830981096187
1505.3299342246223
1505.5785190970166
1505.8303071306518
1506.0859113182355
1506.3449392688838
1506.6060992819416
1506.8675478358043
1507.1273850545497
1507.3841650336744
1507.637283989994
1507.8871420815874
1508.1350355725187
1508.3828084455695
1508.6323571403937
1508.8851214800668
1509.1416984844493
1509.401682697612
1509.6637757787778
1509.9261357831992
1510.1868722166876
1510.4445538573013
1510.6985929822179
1510.9494028985362
1511.198286602945
1511.4470866125807
1511.6976901208702
1511.951522427641
1512.2091646690997
1512.4701984237886
1512.7333187966235
1512.99668547154
1513.2584173427863
1513.5170978335339
1513.7721552125215
1514.0240158569027
1514.2739894307595
1514.5239169543133
1514.7756763886143
1515.030678568341
1515.2894888357457
1515.551675904122
1515.8159284111716
1516.080407723261
1516.3432421323052
1516.603029672086
1516.8592145371715
1517.1122360986794
1517.3634106252825
1517.6145776108722
1517.8676057992902
1518.1238916191346
1518.3839847093163
1518.647441019329
1518.9129428084316
1519.1786531814837
1519.4427098402148
1519.7037253978442
1519.961159912501
1520.2154656764626
1520.467965503047
1520.7204973327084
1520.9749207090406
1521.2326177150915
1521.494122378458
1521.758977987956
1522.0258605153542
1522.2929348628804
1522.5583481576346
1522.8207275649308
1523.0795489481584
1523.3352774517566
1523.5892423771465
1523.8432800871146
1524.0992409443552
1524.3584927489721
1524.621554011317
1524.8879554649561
1525.1563668879353
1525.4249550421687
1525.691876499726
1525.9557729551382
1526.2161360233722
1526.4734436365086
1526.7290315316275
1526.9847344732195
1527.2423936655648
1527.50336269128
1527.7681446403712
1528.0362577996916
1528.3063658509504
1528.5766374823188
1528.8452387352904
1529.1108258160236
1529.3729060428382
1529.6319700762758
1529.8893600416231
1530.1469090889739
1530.406449290776
1530.66932008145
1530.9360092313962
1531.2060226934193
1531.4780181549313
1531.7501663022251
1532.02064267658
1532.288117984548
1532.5521152061244
1532.8131376775923
1533.072533871139
1533.3321353120828
1533.5937649729485
1533.8587482143546
1534.1275575929676
1534.399686845656
1534.6737877735623
1534.9480331396105
1535.2206080225058
1535.4901976257092
1535.7563405571873
1536.0195527841677
1536.281189092087
1536.5430793783837
1536.8070375544974
1537.0743749883816
1537.3455491356583
1537.620041642531
1537.8964985396303
1538.1730947534386
1538.4480249468015
1538.7199888261898
1538.988540603683
1539.2542088425052
1539.518354617324
1539.7828062039068
1540.049368500472
1540.319338972345
1540.5931600958113
1540.8703015610931
1541.1494037540917
1541.4286438625243
1541.7062261915514
1541.980864968767
1542.2521299988434
1542.5205624184525
1542.7875295797344
1543.0548581550106
1543.3243440889432
1543.5972710460169
1543.87406665683
1544.1541888027073
1544.436272363677
1544.7184969002344
1544.9990764326647
1545.2767397430648
1545.5510722328459
1545.8226276054015
1546.0927794943586
1546.363353002447
1546.6361351959572
1546.9123960558852
1547.1925485166469
1547.4760388141567
1547.7614964786019
1548.0471035728524
1548.3310839240532
1548.6121809218403
1548.8899955886798
1549.1650942084052
1549.4388567206722
1549.7131067129897
1549.9896224690062
1550.2696604243104
1550.5536189877917
1550.8409329352812
1551.1302266258942
1551.4196847782312
1551.7075411427975
1551.9925537954518
1552.2743394303525
1552.5534769522565
1552.8313526584159
1553.1097887026926
1553.3905547092422
1553.674893734123
1553.963189859769
1554.2548666165462
1554.5485434016543
1554.8424077743837
1555.1347035579206
1555.4242036269468
1555.710540432768
1555.994305577051
1556.276891802229
1556.5601199465475
1556.8457511347597
1557.1350152468654
1557.4282822764005
1557.7249647625308
1558.0236773907245
1558.3226107884575
1558.620019044972
1558.9146899918426
1559.2062719696796
1559.4953694007813
1559.7833816089615
1560.072128284307
1560.3633622625641
1560.6583005024972
1560.9572991989542
1561.2597602083868
1561.5642938107417
1561.8690939871467
1562.1724253462141
1562.4730908963027
1562.770755063029
1563.0660352781354
1563.3603376495137
1563.655480954419
1563.9532100192998
1564.2547292074544
1564.5603812780978
1564.8695577884891
1565.180864996734
1565.4925006031456
1565.8027400717333
1566.1104018928309
1566.4151668605202
1566.7176656948648
1567.0193115828022
1567.3219227185464
1567.6272362957147
1567.9364445071828
1568.2498771416663
1568.5669159459494
1568.8861636485722
1569.2058221467544
1569.5241782117946
1569.8400662407162
1570.1531838026199
1570.464175311334
1570.7744614577894
1571.085860316373
1571.4001019613613
1571.7183669811247
1572.040972804082
1572.3672920048846
1572.695924429288
1573.0250768087749
1573.3530478387333
1573.6786884178193
1574.0017134722339
1574.3227816958101
1574.643321894498
1574.9651526775403
1575.289997710439
1575.6190267460045
1575.9525456719443
1576.2899187453022
1576.6297437992232
1576.970233267751
1577.3096986258918
1577.6470081155383
1577.981894856758
1578.3150326724156
1578.647859365526
1578.9821950143485
1579.3197578744598
1579.661707929596
1580.0083406536855
1580.3590131584097
1580.7123224631307
1581.0664879128178
1581.4198349695052
1581.7712504239362
1582.1204868032128
1582.4682342973188
1582.8159409904201
1583.165429779395
1583.518414938138
1583.8760481918112
1584.2386161868908
1584.605470537525
1584.975209140679
1585.3460599708928
1585.7163642133007
1586.0850289607536
1586.4518279277406
1586.8174694967527
1587.1834139252528
1587.5514889079209
1587.9234068172061
1588.3003133056404
1588.6824884786051
1589.0692808263598
1589.4592915676697
1589.8507598062686
1590.242044996737
1590.6320771279356
1591.0206537541762
1591.4085041804694
1591.7971036680854
1592.1882876621253
1592.583769723839
1592.9846926673115
1593.391333431453
1593.8030408864522
1594.218423191082
1594.635734297669
1595.05335574404
1595.470244326011
1595.8862254587184
1596.30205352181
1596.7192230886626
1597.1395818432209
1597.5648492221312
1597.996170094854
1598.4338233343005
1598.8771634895356
1599.3248111451112
1599.7750407645742
1600.226261804954
1600.6774638843747
1601.128506489873
1601.5801755071466
1602.0339915022535
1602.4918213556593
1602.9553976365191
1603.425874839822
1603.9035416599122
1604.3877665262924
1604.8771909585448
1605.370118743749
1605.8649963754615
1606.3608557281316
1606.8576001335166
1607.3560571256141
1607.8577838099568
1608.364677249428
1608.8784945999873
1609.400411925772
1609.9307401873832
1610.468874645567
1611.0134912134445
1611.5629369715668
1612.1157099418695
1612.6708992892634
1613.2284677976534
1613.7893008697881
1614.3550090286335
1614.9275370991616
1615.5086851447365
1616.0996698912638
1616.7008444524631
1617.3116516166458
1617.930823208411
1618.5567719554058
1619.1880706178717
1619.823889747668
1620.464276604425
1621.1102004591778
1621.7633522809308
1622.425752766659
1623.0992741248435
1623.7852041460699
1624.4839696926088
1625.1950938870812
1625.9173984974827
1626.6493971691684
1627.3897739274125
1628.1378185178037
1628.8937017931837
1629.6585173559279
1630.4340784641097
1631.2225249378273
1632.0258458060457
1632.8454460235532
1633.681873706447
1634.5347811862935
1635.4031303663287
1636.285587253814
1637.1809997606022
1638.0888305405247
1639.0094287514828
1639.9440679247368
1640.8947399558313
1641.863760720575
1642.8532933778956
1643.8649174774937
1644.8993596313185
1645.9564580651925
1647.0353705176956
1648.1349695820593
1649.2543192488085
1650.393104614215
1651.5518993137352
1652.7321988255285
1653.9362106505714
1655.1664576244473
1656.4253007283098
1657.7145092905353
1659.034993635954
1660.3867715048643
1661.7691766845899
1663.1812531643736
1664.6222282310741
1666.0919366611029
1667.59108123265
1669.1212586596614
1670.6847429414356
1672.2840831333885
1673.9216222170069
1675.5990647475178
1677.317207658397
1679.0759045879536
1680.8742711976477
1682.7110740741578
1684.585196373994
1686.4960526540574
1688.443838891307
1690.4295478812498
1692.4547431471196
1694.5211492861742
1696.6301659321014
1698.782433008674
1700.9775612020092
1703.2140972970972
1705.489731116421
1707.8016861689798
1710.1471871264023
1712.523877041327
1714.9300712260242
1717.3647791407998
1719.8274885537833
1722.3177707165034
1724.834814024751
1727.3770135082086
1729.9417291718378
1732.5252815364568
1735.1231896839545
1737.7305926204256
1740.3427461285055
1742.955467527572
1745.5654151760514
1748.1701342381507
1750.767863177605
1753.3571597198825
1755.9364533787564
1758.5036510969642
1761.0559078973092
1763.5896296383532
1766.1007120743059
1768.584956345295
1771.0385529977975
1773.4585075670761
1775.842895774281
1778.1908814736898
1780.5024935303813
1782.7782218937916
1785.0185410602223
1787.223488031681
1789.3924067166024
1791.5239255671631
1793.6161722447857
1795.6671651745921
1797.6752741571972
1799.6396235504922
1801.5603269100302
1803.4384872378673
1805.2759599651238
1807.0749395588373
1808.837478068144
1810.5650622719454
1812.2583604367312
1813.9172042487573
1815.5408084584014
1817.1281670934588
1818.6785178604634
1820.1917482360243
1821.6686326070046
1823.1108353777624
1824.5206779785892
1825.9007312523247
1827.253341700713
1828.5802179203074
1829.882187465794
1831.1591886789324
1832.410498996183
1833.6351378286552
1834.8323353259045
1836.0019407485952
1837.1446604980026
1838.26206168877
1839.3563401864035
1840.4299153296572
1841.4849601218366
1842.5229930052878
1843.5446407857125
1844.549636302552
1845.5370514036058
1846.5057026109
1847.4546205255497
1848.3834569512956
1849.292720494145
1850.1837775029853
1851.0586182619998
1851.91945139408
1852.7682355537977
1853.6062742990384
1854.4339830270287
1855.2508906202459
1856.0558753977002
1856.847572044774
1857.624840298048
1858.38716961067
1859.1349112544858
1859.8692756895696
1860.5920960871076
1861.305421689112
1862.0110503640174
1862.710126009984
1863.4029090014228
1864.0887813672164
1864.766485329875
1865.43453116315
1866.0916648718785
1866.7372701634224
1867.3715968620136
1867.9957545567893
1868.611473337349
1869.2206960166059
1869.8251114729253
1870.4257545201467
1871.0227798072337
1871.6154704781577
1872.2024792564212
1872.7822371988661
1873.353420352808
1873.9153490315014
1874.4682125542472
1875.0130591997056
1875.5515541898524
1876.0855708153458
1876.616724602092
1877.1459756805662
1877.673406164244
1878.1982323107006
1878.7190481678986
1879.234235241563
1879.7424281520907
1880.2429112445857
1880.7358396942072
1881.2222258117172
1881.7036943267924
1882.1820724662614
1882.658924990314
1883.1351590979234
1883.6108053112534
1884.0850331567801
1884.556397387013
1885.0232485744104
1885.4841977847211
1885.9385105451252
1886.38632434635
1886.8286313387118
1887.267030956499
1887.703318989802
1888.1390235257074
1888.5750124165802
1889.0112776875233
1889.4469547461563
1889.8805711832683
1890.3104582960743
1890.7352147845347
1891.1540980911059
1891.5672383212502
1891.9756173585301
1892.380818862306
1892.7846163647057
1893.188510143263
1893.5933372702657
1893.9990595520785
1894.4047862682357
1894.8090255467823
1895.21009681216
1895.606593503736
1895.9977717935576
1896.3837609400018
1896.7655388438304
1897.1446794450799
1897.5229398706301
1897.901798258966
1898.2820664032965
1898.6636812263225
1899.0457310442905
1899.4267095079624
1899.8049289657595
1900.1789821992045
1900.5481285206886
1900.9125005707513
1901.273076332929
1901.6314239518167
1901.9892879530134
1902.3481280372139
1902.708734326541
1903.0710223752535
1903.4340629514738
1903.7963385319013
1904.1561575680955
1904.5121152308586
1904.863476887394
1905.210381350165
1905.5538093659134
1905.895325874543
1906.236665321031
1906.5792714340205
1906.9239150829114
1907.2704928232354
1907.6180601870851
1907.9650907180649
1908.3098911269985
1908.651061035694
1908.987873831311
1909.3204763732008
1909.649853969983
1909.9775700974963
1910.305350820951
1910.6346255719984
1910.9661476230347
1911.2997961649571
1911.6346130963798
1911.9690645843814
1912.3014570950024
1912.630396125888
1912.955164434724
1913.2759182095085
1913.5936485466443
1913.9099186453252
1914.2264473574128
1914.5446509762414
1914.865266333962
1915.188156408834
1915.512350602777
1915.8363088129613
1916.1583383219108
1916.477051507955
1916.7917414439883
1917.1025745360075
1917.4105485145801
1917.7172271224663
1918.024322809203
1918.3332395444786
1918.6446985439816
1918.9585474030764
1919.2738038519592
1919.5889223228482
1919.9022116841968
1920.2122919175283
1920.5184670823833
1920.820914427543
1921.120638907819
1921.4192053813395
1921.7183204654925
1922.0193763874445
1922.3230793437626
1922.6292621571629
1922.936931498404
1923.2445369336854
1923.5503894872954
1923.8531172731757
1924.1520358216542
1924.4473336674807
1924.740023403591
1925.031671404212
1925.323978858603
1925.6183266711282
1925.9154064598174
1926.2150367328109
1926.5162135660735
1926.8173821155444
1927.1168559924447
1927.4132718377718
1927.7059570062224
1927.995111634948
1928.2817562457208
1928.567459009816
1928.8539159758316
1929.142497031627
1929.4338795469391
1929.727868066141
1930.0234484308576
1930.3190617413993
1930.6130245289
1930.9039822608438
1931.1912743774374
1931.4751128448197
1931.7565263168785
1932.03708495771
1932.3184798796815
1932.602070179492
1932.8885192299463
1933.177617885668
1933.4683420397346
1933.7591290189393
1934.0482985369154
1934.3345051187237
1934.6171004848234
1934.896308592322
1935.1731663675428
1935.4492461017323
1935.7262341154437
1936.005478880933
1936.2876299682111
1936.5724647603945
1936.8589494335272
1937.145517770258
1937.4304928780984
1937.7125385210556
1937.9910188462495
1938.2661699166683
1938.5390370254563
1938.8111946804254
1939.0843245107674
1939.3597644879796
1939.6381505313377
1939.9192467296245
1940.2020097333764
1940.4848699716053
1940.766154119352
1941.044535324308
1941.3193902710493
1941.5909672086473
1941.8603198575283
1942.1290249982496
1942.3987596364848
1942.6708513346632
1942.9459224820416
1943.2237240196182
1943.5032032341092
1943.7827873624055
1944.0608067925982
1944.3359441735045
1944.6075888114126
1944.8760011957993
1945.1422435095003
1945.4078948371211
1945.6746276041906
1945.943759031692
1946.2158980759518
1946.4907826536162
1946.7673508267435
1947.0440267797412
1947.3191447380646
1947.5913969485396
1947.8601854034453
1948.125782867489
1948.389260001932
1948.6521982079157
1948.9162653556332
1949.1827683739314
1949.4523028652793
1949.7245938277563
1949.9985702207262
1950.2726532990628
1950.5451812337499
1950.8148559508695
1951.0810921777868
1951.3441749744472
1951.6051834819953
1951.8657014162272
1952.127392102583
1952.3915522130014
1952.65876406128
1952.9287398190977
1953.2003994518166
1953.4721613948689
1953.742367860511
1954.0097305233312
1954.273676883242
1954.5345043040718
1954.7933003971282
1955.0516511799055
1955.3112154326645
1955.5732795947304
1955.838412745598
1956.106314312092
1956.3758953639224
1956.6455716171683
1956.9136894114702
1957.1789702298922
1957.4408543733691
1957.6996515094827
1957.9564577013289
1958.2128612465378
1958.4705163711706
1958.7306992976567
1958.993965917051
1959.2600029845055
1959.527712764286
1959.795508345357
1960.0617402733185
1960.3251398924474
1960.5851603261883
1960.8421235389242
1961.0971340204183
1961.3517823201357
1961.6077180941506
1961.866207356928
1962.127792850188
1962.39214872394
1962.6581685207493
1962.9242627884855
1963.1887863513466
1963.4504804618828
1963.708811082072
1963.9641124608097
1964.2174974841146
1964.4705589196697
1964.7249418324034
1964.9819020323296
1965.2419691455225
1965.5048047780397
1965.7692938293076
1966.0338443871594
1966.2968156223144
1966.5569587381792
1966.81375254699
1967.067543565672
1967.3194530419132
1967.5710759237797
1967.824052659598
1968.0796288540805
1968.3383210469633
1968.5997783572184
1968.862877115505
1969.1260230266869
1969.3875796721625
1969.6463082452233
1969.9017004166947
1970.1541149517398
1970.4046814218218
1970.654996914184
1970.9066972316343
1971.1610177691891
1971.418462005979
1971.6786666272217
1971.940499465766
1972.2023639173376
1972.462628035145
1972.7200630385598
1972.97417346264
1973.225330298372
1973.4746714004684
1973.7237959514391
1973.9743350768458
1974.2275139547146
1974.4838230263586
1974.7428865936583
1975.0035640598016
1975.2642565825672
1975.5233367456567
1975.7795858284521
1976.0325212337493
1976.2825261538655
1976.5307466841357
1976.7787840562405
1977.0282646844742
1977.2804035201834
1977.535677987207
1977.7937000520826
1978.053320754159
1978.312939082288
1978.5709322073612
1978.8260915008816
1979.0779472351903
1979.3268947777901
1979.5740884203296
1979.8211313957947
1980.0696453713028
1980.3208350598409
1980.5751648860685
1980.8322345271415
1981.0908867224487
1981.3495183591403
1981.6065112503702
1981.8606668904117
1982.1115284216078
1982.3595033591891
1982.6057541454622
1982.8518859654105
1983.0995157015038
1983.3498378150184
1983.6033037480006
1983.8595009324656
1984.1172638700853
1984.3749874120372
1984.6310580674824
1984.8842874829356
1985.1342316701246
1985.381310263511
1985.6266938093224
1985.8719893940547
1986.1188090767582
1986.368337052237
1986.6210117950156
1986.8764085347434
1987.1333535962299
1987.390239859157
1987.6454585813433
1987.8978315900692
1988.14692776498
1988.3931788304506
1988.637763389027
1988.8822903772673
1989.1283669909396
1989.3771671424124
1989.629116352515
1989.883777690042
1990.1399693626108
1990.3960823418272
1990.6505126859165
1990.9020924306872
1991.150403321566
1991.3958891428776
1991.6397365051935
1991.8835561428882
1992.1289503476671
1992.377082732468
1992.6283658771536
1992.8823507300826
1993.1378474403266
1993.393245133941
1993.6469447205607
1993.8977884716737
1994.145370995831
1994.3901481068413
1994.6333143744569
1994.8764822779708
1995.1212491634635
1995.368768326555
1995.619439417913
1995.8728013049217
1996.1276561358677
1996.382391253018
1996.635412467802
1996.885572314053
1997.1324782603845
1997.37659811924
1997.6191343702717
1997.8617011842528
1998.1058909194112
1998.3528465353847
1998.6029547645735
1998.8557424320059
1999.1100037421697
1999.364124314652
1999.6165149125484
1999.8660383583167
2000.1123149772695
2000.3558245493455
2000.597777414473
2000.8397893810209
2001.0834477765657
2001.3298852054145
2001.5794754918793
2001.8317334565024
2002.0854454162786
2002.3389953286578
2002.5907989578498
2002.8397294409156
2003.0854199562775
2003.32836222002
2003.5697743824596
2003.811273835306
2004.0544428321912
2004.300403602138
2004.5495170708805
2004.8012860916751
2005.0544891497245
2005.3075086003978
2005.5587652581132
2005.8071426002818
2006.05228665469
2006.2947010420714
2006.5356116730418
2006.7766374680914
2007.0193555631831
2007.2648777915638
2007.5135521892953
2007.7648696789458
2008.0176009690883
2008.2701268726419
2008.520873303036
2008.7687341036046
2009.0133681476514
2009.255290928969
2009.495736068234
2009.736323959904
2009.9786265781722
2010.2237453395321
2010.472015398732
2010.722915783701
2010.9752094810615
2011.2272758205427
2011.4775458631475
2011.724923843579
2011.9690814767557
2012.2105460978912
2012.4505589873784
2012.6907419586196
2012.9326617796055
2013.1774094286595
2013.4253071870744
2013.6758222236888
2013.9277098574182
2014.179347993735
2014.42917288958
2014.6760991963877
2014.9198114667704
2015.1608488457132
2015.4004602229109
2015.6402687755142
2015.8818360205846
2016.1262424764584
2016.3737975583692
2016.6239566111553
2016.8754673398712
2017.1267062843783
2017.3761149457587
2017.6226184174893
2017.8659140859713
2018.1065528743281
2018.345791231104
2018.5852536418583
2018.8264963277327
2019.0705893248921
2019.3178291894812
2019.567659477001
2019.818820332129
2020.0696869875087
2020.3187062364357
2020.5648136397192
2020.8077194136843
2021.047986228005
2021.2868780396068
2021.526020587001
2021.7669647501814
2022.010770060618
2022.2577202219375
2022.5072470345726
2022.758083135976
2023.0086025097376
2023.2572572893375
2023.5029935282091
2023.7455342688008
2023.985453895814
2024.224023824094
2024.4628709895499
2024.703540885585
2024.9470825161347
2025.1937667385068
2025.443013631964
2025.6935483795778
2025.9437437738502
2026.1920573363352
2026.437445638405
2026.6796445449154
2026.9192401241544
2027.157511198448
2027.3960858454705
2027.6365041263973
2027.8798044944924
2028.1262449665921
2028.3752339343407
2028.6254891789877
2028.8753823597322
2029.123376434031
2029.3684385165525
2029.6103172909416
2029.8496104777305
2030.0876042563248
2030.325927790467
2030.5661156632857
2030.8091957539598
2031.0554132443683
2031.3041648717601
2031.5541610678574
2031.8037724161802
2032.0514673578741
2032.2962235763177
2032.5378025704397
2032.7768136817836
2033.014550396483
2033.2526429086001
2033.492620277232
2033.7354997837938
2033.9815137804055
2034.230047382833
2034.4798037253174
2034.729152373179
2034.9765672990097
2035.2210367803825
2035.4623351281293
2035.7010832736928
2035.9385819596428
2036.1764623545703
2036.4162479474003
2036.6589453978556
2036.904774233193
2037.1531079803112
2037.4026425277848
2037.6517464800831
2037.8988993889877
2038.1431001518313
2038.3841358881032
2038.6226390881616
2038.859917700788
2039.097603813279
2039.3372152981015
2039.5797481691172
2039.8254091333251
2040.0735601610916
2040.3228899469184
2040.5717661916567
2040.818674074017
2041.0626231367496
2041.3034133048973
2041.5416885968873
2041.7787641175628
2042.0162728170767
2042.2557269050142
2042.4981117249765
2042.7436211680315
2042.9916056800769
2043.2407468129293
2043.4894114209485
2043.7360903575204
2043.9798038365714
2044.2203645857444
2044.4584281208306
2044.6953166526653
2044.932663938388
2045.171976478148
2045.414228920665
2045.659602345133
2045.9074357047841
2046.1564034599414
2046.4048716755055
2046.651336927301
2046.8948301262963
2047.1351767999377
2047.3730439308235
2047.6097607857953
2047.8469618730946
2048.0861479367554
2048.32828290578
2048.5735350512846
2048.8212318653896
2049.070040767929
2049.318327091291
2049.564593181526
2049.8078806726276
2050.0480278892087
2050.285713250269
2050.5222730287596
2050.7593424281285
2050.998416389495
2051.240448097099
2051.485593017522
2051.7331672130836
2051.9818311139566
2052.2299493768855
2052.476030165969
2052.7191258643265
2052.9590875912695
2053.196605171949
2053.4330218356195
2053.669973425031
2053.908949031473
2054.150891069175
2054.3959422034795
2054.6434070979826
2054.8919392438547
2055.1399026789977
2055.385811433417
2055.6287286655893
2055.8685182872246
2056.105881499532
2056.3421684383584
2056.5790155298464
2056.817905968427
2057.059771372872
2057.304741610342
2057.552109976558
2057.8005230741865
2058.0483443790245
2058.2940938348897
2058.536845401977
2058.776475782271
2059.0136975231076
2059.2498676173077
2059.4866230184934
2059.7254409771003
2059.967242290801
2060.212144031393
2060.4594281573536
2060.707734433186
2060.9554258292674
2061.2010282511837
2061.4436264873475
2061.683110028068
2061.920202737039
2062.156268414535
2062.3929444857445
2062.6317022098606
2062.873451537624
2063.1182967480595
2063.3655084928146
2063.6137197484245
2063.86129303648
2064.106760272351
2064.349217099305
2064.588565794208
2064.8255415075064
2065.0615147975072
2065.298123505047
2065.536832850727
2065.7785419123347
2066.023342178486
2066.270493024204
2066.518620688107
2066.7660872995934
2067.0114308318903
2067.253757809906
2067.4929832954763
2067.72985369636
2067.965746279574
2068.2022992456864
2068.440971729252
2068.6826519088972
2068.9274184849714
2069.1745195858744
2069.4225747622236
2069.6699458077787
2069.915176801768
2070.157385177671
2070.396498780893
2070.6332752472317
2070.86909850319
2071.1056070531517
2071.3442538980657
2071.58591629101
2071.8306601459885
2072.07772237458
2072.3257158891843
2072.5730022044463
2072.8181315538104
2073.06023230641
2073.2992450900056
2073.5359387393282
2073.7717037912416
2074.008178998031
2074.246811179379
2074.4884666362427
2074.7331984979896
2074.980232488983
2075.228174933064
2075.475387122259
2075.7204254925177
2075.962429375867
2076.201352181396
2076.4379739138335
2076.6736916713785
2076.910144398303
2077.1487726852615
2077.3904318543396
2077.635162251763
2077.882178444096
2078.130080216158
2078.377228693829
2078.622186563937
2078.864104148798
2079.1029476379963
2079.3395081774897
2079.5751893778875
2079.8116303195347
2080.0502653161943
2080.291938684152
2080.5366779877772
2080.783686665063
2081.0315580112274
2081.2786530424614
2081.523540744927
2081.7653824587874
2082.0041571534794
2082.2406670875926
2082.476322335321
2082.71276205717
2082.951414242046
2083.193112173329
2083.437870634613
2083.6848819643624
2083.9327330175015
2084.179784756978
2084.424612516831
2084.6663886827955
2084.905105003712
2085.1415748223762
2085.37721462784
2085.613663604855
2085.8523433694077
2086.094076144691
2086.3388639343952
2086.5858880063242
2086.833728824308
2087.080747354485
2087.325525327411
2087.5672462022812
2087.8059145070906
2088.0423546405855
2088.277989458049
2088.5144581125646
2088.753175799034
2088.994953653007
2089.2397808989417
2089.486827762669
2089.7346683660203
2089.981663734761
2090.226402044694
2090.46807785654
2090.706708477393
2090.943129333868
2091.178769598951
2091.415268338144
2091.6540342769968
2091.8958674357864
2092.1407442602103
2092.387823962641
2092.6356743719098
2092.8826566298394
2093.1273654063193
2093.3690063918266
2093.607609672707
2093.844021675531
2094.07967784256
2094.316217095799
2094.5550416430783
2094.7969403616
2095.041876918573
2095.2889995412575
2095.5368698143848
2095.7838490522754
2096.028538467845
2096.2701549097424
2096.508741243912
2096.745154869146
2096.9808374486506
2097.2174277050162
2097.4563212798876
2097.698295879415
2097.943302392396
2098.190478089156
2098.438378359137
2098.685364745607
2098.9300450535566
2099.1716473184006
2099.410227186238
2099.6466530005196
2099.8823725971674
2100.1190244434374
2100.357997566219
2100.6000584724657
2100.8451452724435
2101.092384307559
2101.340324820688
2101.587328640508
2101.8320102132507
2102.073608789874
2102.3121927973934
2102.5486414965335
2102.784408847799
2103.0211330071916
2103.2601963381753
2103.502354120187
2103.747531684653
2103.994844471914
2104.2428356269193
2104.4898673202397
2104.734560688629
2104.976166227554
2105.2147651459204
2105.4512475945157
2105.6870736103965
2105.923880982386
2106.1630453617513
2106.4053107719265
2106.650589764993
2106.897986907925
2107.1460392963063
2107.3931094991076
2107.6378253930093
2107.8794487471478
2108.1180735534986
2108.3546008258845
2108.5904966299818
2108.827398331508
2109.0666748206613
2109.3090588362147
2109.5544501502163
2109.801942483815
2110.050066931717
2110.297186517827
2110.541935908286
2110.7835881752526
2111.022250095173
2111.2588335180544
2111.494810490361
2111.731817898776
2111.9712178234554
2112.2137316896847
2112.4592464886014
2112.706845122922
2112.955052734892
2113.202232859919
2113.447027003271
2113.6887195696822
2113.927430121687
2114.164081318809
2114.4001511405704
2114.6372759386895
2114.8768109342045
2115.1194662099215
2115.3651159750048
2115.612832340984
2115.8611345459954
2116.1083866935583
2116.35323717787
2116.594981766001
2116.833752808414
2117.0704837476646
2117.3066584487055
2117.5439126723563
2117.7835947313642
2118.0264033368953
2118.272199914897
2118.5200458128143
2118.7684544129656
2119.0157904436346
2119.260709237896
2119.5025179551258
2119.741361735779
2119.978184779148
2120.2144767880914
2120.4518728765975
2120.6917143998476
2120.9346886680437
2121.1806443224928
2121.4286319735165
2121.677159195853
2121.924591399253
2122.1695909057667
2122.4114762972595
2122.650405506475
2122.8873334633367
2123.1237556611904
2123.361306511259
2123.601320361786
2123.8444730925207
2124.0906005585302
2124.338742659841
2124.5874012117956
2124.834942362373
2125.0800354728517
2125.3220105779938
2125.561038405362
2125.7980845895963
2126.0346503672217
2126.2723693907633
2126.5125689520564
2126.7559134707503
2127.002226013897
2127.2505357979244
2127.4993389269225
2127.7470023439228
2127.992202499849
2128.234280912994
2128.47342110851
2128.710599400039
2128.947322720085
2129.1852239065465
2129.425623145288
2129.669173366049
2129.9156848459247
2130.164176144314
2130.4131377021595
2130.660937314441
2130.906258572314
2131.1484545084713
2131.387721448672
2131.625046360047
2131.8619418239946
2132.1000398078645
2132.340653341892
2132.5844238359455
2132.8311487750507
2133.07983608803
2133.3289706007536
2133.5769210171225
2133.822378119291
2134.064706485463
2134.304115245275
2134.5416019940417
2134.778684915088
2135.016995049302
2135.257838221543
2135.5018442916917
2135.748797950435
2135.9976965223545
2136.2470192663004
2136.4951358521557
2136.7407443040274
2136.9832207769937
2137.2227872081
2137.46045179575
2137.697738278355
2137.93627671444
2138.177365673656
2138.4216234356313
2138.6688218942872
2138.9179477961948
2139.1674748812206
2139.415773842389
2139.6615499969116
2139.904191108363
2140.1439319249976
2140.3817912234394
2140.6192982504676
2140.858082026365
2141.0994338156584
2141.3439602873177
2141.5914205359218
2141.840790756162
2142.0905392169525
2142.339037691726
2142.584998842157
2142.8278220722127
2143.067754945435
2143.305826792025
2143.543572320552
2143.782619457197
2144.024252111374
2144.26906531085
2144.5168053481416
2144.7664378921013
2145.016425788729
2145.2651419492486
2145.51130643138
2145.754330311661
2145.9944739732873
2146.2327772756353
2146.470780342627
2146.710109950518
2146.9520426035465
2147.1971616576034
2147.4452006002925
2147.695114600586
2147.945361129623
2148.194314293937
2148.440701599108
2148.6839458267164
2148.9243201842846
2149.1628750362083
2149.401155875482
2149.6407882726453
2149.883041276643
2150.128486540695
2150.3768447445154
2150.6270605830864
2150.8775862007715
2151.1267969570763
2151.3734278575052
2151.6169134214692
2151.8575396858014
2152.096367496025
2152.334947668089
2152.5749045110824
2152.8174995684826
2153.063292759934
2153.3119919541714
2153.5625313980236
2153.8133579572072
2154.062848302027
2154.309744990243
2154.55349431221
2154.794395139392
2155.0335187748233
2155.2724213114707
2155.512725741294
2155.755686052095
2156.001850398938
2156.2509138363907
2156.501800188925
2156.752951091802
2157.0027445841342
2157.249930828555
2157.4939679198255
2157.7351675697087
2157.974611515432
2158.2138610812317
2158.454537886343
2158.6978883126544
2158.9444487195647
2159.193901344204
2159.4451596144595
2159.696659983413
2159.946781917196
2160.1942832362415
2160.4386338735494
2160.6801583872243
2160.91994892568
2161.1595719988895
2161.4006477978605
2161.6444150483244
2161.891398282862
2162.141266917833
2162.392924010313
2162.6448008795833
2162.895278477233
2163.143122334758
2163.387814257624
2163.629691656717
2163.869857068969
2164.109882144793
2164.3513855915803
2164.595598428676
2164.843033330647
2165.093346889706
2165.3454318179142
2165.5977143492637
2165.8485769794997
2166.0967930048023
2166.34185613776
2166.5841166489045
2166.8246874413853
2167.0651452610186
2167.307107276332
2167.551796750093
2167.799714467638
2168.050504193646
2168.303048321011
2168.555768047112
2168.8070474708356
2169.055667707069
2169.301134410638
2169.543810719048
2169.7848198797615
2170.025743689254
2170.268197722114
2170.513397434408
2170.7618316910375
2171.0131314257774
2171.2661687382897
2171.519359838216
2171.771090486898
2172.020149672391
2172.2660550273745
2172.5091825641525
2172.750665853036
2172.9920916967462
2173.2350740210645
2173.4808204253354
2173.7298078228705
2173.981654313227
2174.2352217288976
2174.488921340904
2174.7411406327315
2174.990676520549
2175.2370586510538
2175.4806759197227
2175.7226721987327
2175.9646392530103
2176.2081893049126
2176.4545220471905
2176.7041024105033
2176.9565356569788
2177.2106733781784
2177.464921955917
2177.7176706559376
2177.9677243780097
2178.214624819615
2178.458773768381
2178.701325377905
2178.9438763317085
2179.188037094411
2179.434999402497
2179.6852161730567
2179.9382798277343
2180.193031743632
2180.447873463126
2180.7011960948225
2180.9518125781815
2181.1992766989088
2181.444003146427
2181.687156335914
2181.9303378263658
2182.175156270718
2182.422795399781
2182.673696086369
2182.9274379088138
2183.182852056534
2183.438335282661
2183.6922805998356
2183.943509043984
2184.1915865272226
2184.4369406511637
2184.6807460734053
2184.924609185868
2185.170136776303
2185.4185045207773
2185.670141217412
2185.9246135987028
2186.1807426935466
2186.43692051654
2186.6915420461883
2186.9434364724325
2187.192181872833
2187.438218772425
2187.6827320528446
2187.9273328970517
2188.173626174648
2188.422779458324
2188.675209441475
2188.93047000864
2189.1873720558456
2189.444302910485
2189.6996595795204
2189.9522794653476
2190.2017528509573
2190.448533197004
2190.6938155916673
2190.9392159678378
2191.1863372246553
2191.4363387833514
2191.6896252030638
2191.9457375187767
2192.2034765219105
2192.461224904734
2192.7173817661587
2192.970792780497
2193.221060477254
2193.4686512659914
2193.7147704249696
2193.96103859682
2194.2090566586994
2194.459975832987
2194.7141885156752
2194.971222891267
2195.2298696756047
2195.488506978816
2195.745536056312
2195.9998109149724
2196.250946373162
2196.499421803906
2196.746452660282
2196.993664255558
2197.242655394352
2197.49456905366
2197.749785438266
2198.007819882114
2198.267453055445
2198.527058540327
2198.785039814476
2199.040259279379
2199.2923440860754
2199.5417865870804
2199.789812396437
2200.0380514602443
2200.2881004612
2200.5410940854676
2200.7974003195955
2201.0565216479686
2201.3172287263833
2201.5778906642595
2201.836913228923
2202.093167280147
2202.3462923471784
2202.5967937797805
2202.8459073407757
2203.095267572851
2203.346468988841
2203.6006379399737
2203.8581301688478
2204.1184353126396
2204.3803140453224
2204.6421310607066
2204.9022944848307
2205.159683701377
2205.413950665369
2205.6656137436235
2205.915918837546
2206.1665050520523
2206.418964683942
2206.674415707082
2206.933201596061
2207.194799144897
2207.4579590801845
2207.7210417391525
2207.982457677829
2208.241094871759
2208.496617751734
2208.7495577238737
2209.0011708203656
2209.2531006762865
2209.50693732841
2209.7637903329205
2210.0239908744134
2210.287002909938
2210.551567255422
2210.8160399529925
2211.078834062587
2211.338846222375
2211.5957533918267
2211.8501000415567
2212.1031523296315
2212.356558392031
2212.611905964215
2212.870296146993
2213.1320478156076
2213.39661209902
2213.6627199420373
2213.928723156196
2214.193037382503
2214.4545679959338
2214.713004541079
2214.9689045818186
2215.223544400737
2215.4785766089185
2215.7355866025914
2215.995666992805
2216.2591243293996
2216.525396925524
2216.793205897972
2217.060898895968
2217.326894222743
2217.590106068452
2217.8502366235766
2218.1078565784132
2218.3642523430663
2218.6210809822205
2218.8799255191725
2219.141870045
2219.407208772287
2219.675367214946
2219.9450567093445
2220.214620815395
2220.482480584673
2220.747559106072
2221.0095712820776
2221.2691009679675
2221.527444709788
2221.786264009691
2222.0471394896545
2222.3111466958653
2222.578567497135
2222.848814630184
2223.1205897042205
2223.3922322687877
2223.662166216148
2223.9293236239623
2224.1934321794847
2224.4550889483016
2224.7156006276064
2224.9766331476517
2225.239764707451
2225.5060622901256
2225.775795421023
2226.0483640887073
2226.322460235734
2226.596419487758
2226.8686686779292
2227.1381489708488
2227.4046009196736
2227.668634854133
2227.9315676463507
2228.1950696539084
2228.4607166398123
2228.7295670146027
2229.0018779692477
2229.2770367821813
2229.5537257990977
2229.830276817887
2230.1051197227957
2230.377204873888
2230.646285781981
2230.912986105601
2231.1786329265215
2231.4449010398907
2231.7133637707425
2231.9850709587004
2232.260267480806
2232.538327955028
2232.8179252119967
2233.097387330386
2233.375147368615
2233.6501650040104
2233.9222068104327
2234.1919098537487
2234.4606114741855
2234.729990928925
2235.001619117436
2235.2765373246493
2235.5549781489563
2235.8363036127184
2236.119177128941
2236.401923181792
2236.682978143636
2236.961311148067
2237.2367019550284
2237.509801134293
2237.7819563516628
2238.0548513693866
2238.3300546925966
2238.6085990868746
2238.8907049267414
2239.175721723794
2239.462303591424
2239.748771565222
2240.0335654931578
2240.31566412664
2240.5948605578556
2240.8718189806873
2241.147897477708
2241.4247843837466
2241.7040458657093
2241.986706230514
2242.272973709483
2242.562185414843
2242.8529863056942
2243.143694143123
2243.4327524413748
2243.7191497610684
2244.002692703436
2244.2840592380276
2244.5646179873866
2244.846061959056
2245.1299550710737
2245.4173132663173
2245.7083327483056
2246.0023383769235
2246.297966138948
2246.5935307327845
2246.8874795685083
2247.1788112473528
2247.467346097485
2247.7537760577743
2248.0394804569883
2248.326157119495
2248.6153678487553
2248.9081203641817
2249.2045990039783
2249.5041165710686
2249.805300311627
2250.1064621244313
2250.40605359771
2250.7030836590206
2250.997386637155
2251.2896686912045
2251.5813200810626
2251.874043652075
2252.1693992888854
2252.4683866910045
2252.7711785584424
2253.077075898979
2253.3846975182787
2253.6923528489806
2253.998498012344
2254.3021526226603
2254.6031653598648
2254.902256933094
2255.20082883926
2255.5005892319123
2255.803096357851
2256.1093421877263
2256.419488100367
2256.7328236627113
2257.047959635267
2257.3632034161915
2257.6770161158356
2257.988428499879
2258.297304057238
2258.6043784873104
2258.9110649433974
2259.2190772910876
2259.529972540154
2259.844735346653
2260.163516212063
2260.4855937474144
2260.8095711980704
2261.1337544982484
2261.456610346704
2261.7771812728824
2262.0953461847744
2262.4118563690945
2262.7281372163907
2263.0459088743683
2263.366727687748
2263.691571588555
2264.0205808264463
2264.35302372888
2264.68749674948
2265.0223051287203
2265.355921959216
2265.6874023593596
2266.016641485927
2266.3444070365726
2266.6721374536246
2267.001559977962
2267.3342311097776
2267.6711229040684
2268.0123662489227
2268.3572201339607
2268.7042752269767
2269.051837136891
2269.3983864574716
2269.7429920332356
2270.0855664218984
2270.426894888847
2270.7684300869264
2271.1119075168463
2271.458885022217
2271.810330007766
2272.1663652828997
2272.526241851271
2272.8885460209963
2273.2515852665824
2273.6138492404734
2273.974422116543
2274.333235487992
2274.6910938439974
2275.049465723357
2275.410096588036
2275.7745473665545
2276.1437826132487
2276.517918935311
2276.896201317261
2277.277213770987
2277.659267794323
2278.0408643407486
2278.421105226725
2278.79994345158
2279.178205147471
2279.557377205775
2279.939217571468
2280.3252928501493
2280.7165674279763
2281.113154501794
2281.514295953774
2281.9185765490843
2282.3243149903406
2282.7300268373842
2283.134834966307
2283.53871729948
2283.942525221666
2284.3477676798007
2284.7562189078017
2285.1694551145574
2285.5884445863503
2286.01330134202
2286.4432685754964
2286.876936411437
2287.3126355574173
2287.748901168384
2288.18488234796
2288.620587279608
2289.0568981046554
2289.4953514992067
2289.9377438422503
2290.385667005402
2290.8400994633303
2291.301162599792
2291.7681077398665
2292.239537478159
2292.71380193498
2293.1894635646004
2293.6657056940953
2294.142575051449
2294.620993106269
2295.102533132807
2295.5890228397298
2296.082079288204
2296.5827010419193
2297.091027156215
2297.6063278284696
2298.127229320355
2298.6521128313734
2299.1795802573542
2299.7088617696136
2300.2400557435476
2300.7741365708034
2301.3127282256487
2301.8577043833384
2302.410722502008
2302.972817053076
2303.5441612351538
2304.1240612807505
2304.711185003975
2305.303963314814
2305.9010569444417
2306.501763077631
2307.1062526955675
2307.715574878401
2308.3314269023335
2308.9557518835454
2309.5902720692425
2310.2360831988462
2310.893418993605
2311.56164916647
2312.2395116345656
2312.925516704598
2313.6184147873378
2314.3176021006025
2315.0233554427064
2315.73683300504
2316.459841025647
2317.1944289914154
2317.942422176223
2318.7050171722763
2319.482549191037
2320.2744938028386
2321.0797028274055
2321.8968111880686
2322.7247055974194
2323.5629292990675
2324.4119142290488
2325.272978287658
2326.1480884920284
2327.039453671467
2327.94905617638
2328.8782484862213
2329.82752320343
2330.7965183717224
2331.784256853623
2332.7895556168705
2333.811495105404
2334.8498226827705
2335.9051817917534
2336.9791052412497
2338.073774355553
2339.1916085961448
2340.3347958009367
2341.5048891424576
2342.7025789884383
2343.927700857669
2345.1794772144785
2346.4569279756706
2347.7593392029457
2349.0866637230733
2350.4397455923545
2351.820307529424
2353.2307040086207
2354.6735055632853
2356.1510251083546
2357.6649125902018
2359.2159258357697
2360.803938044353
2362.4281786759575
2364.087641644709
2365.7815496081466
2367.509747880953
2369.272920206382
2371.072566279213
2372.9107447396045
2374.789648210792
2376.711121954273
2378.6762527740198
2380.68513586667
2382.73687946865
2384.829843243637
2386.9620435536285
2389.1316139415426
2391.337194374041
2393.578142036406
2395.854504583825
2398.166760824301
2400.5153966336698
2402.9004286059126
2405.321002505677
2407.7751740880553
2410.2599315038756
2412.771454285398
2415.305541042451
2417.8580933660387
2420.425529014569
2423.005017112924
2425.594476538655
2428.1923428788546
2430.7971720533833
2433.4071930504474
2436.019936274027
2438.632043962035
2441.2393203636825
2443.8370149524026
2446.4202691958344
2448.9846131707613
2451.5263844968963
2454.0429624032495
2456.532758797941
2458.9949728359816
2461.4291783340095
2463.8348576002086
2466.2110089655316
2468.5559348412808
2470.8672679890933
2473.1422290770815
2475.3780458735405
2477.572420456131
2479.7239174150372
2481.8321668167114
2483.8978250986765
2485.9223018223474
2487.9073229261944
2489.854444942882
2491.7646477870853
2493.6381126378947
2495.474241776143
2497.2719123175893
2499.029893035623
2500.7473097430766
2502.424031748812
2504.0608732067244
2505.6595530177374
2507.2224219457435
2508.7520283067233
2510.2506371397235
2511.719830460881
2513.160294614797
2514.5718506568064
2515.953718567527
2517.304943408484
2518.624868116746
2519.913525175959
2521.1718412494474
2522.4015991613473
2523.6051668620003
2524.7850656910005
2525.943493517368
2527.081930561788
2528.200933595726
2529.30017369421
2530.3787073544304
2531.435408135632
2532.469442860539
2533.480664434695
2534.469815718746
2535.4384896309357
2536.388856142298
2537.3232294690138
2538.2435917363523
2539.1512011361383
2540.046389957773
2540.9286069115665
2541.7966925625365
2542.649314070582
2543.4854426131506
2544.3047453597223
2545.10778677653
2545.895985223479
2546.671336523876
2547.435978792167
2548.1917154762627
2548.9396248386374
2549.6798609256434
2550.4116996703165
2551.133817939042
2551.8447307473866
2552.5432693492753
2553.2289718769152
2553.902281650556
2554.5644999028564
2555.2175056142464
2555.863317721299
2556.5036173309477
2557.139358359184
2557.770571304318
2558.3964130179565
2559.0154492691395
2559.626094351625
2560.227089764734
2560.817893454064
2561.3988750743856
2561.971264805379
2562.536869434545
2563.097631946445
2563.655152925212
2564.2103023791374
2564.7630263523324
2565.3124003987095
2565.8569156941294
2566.394921058958
2566.9251022478998
2567.4468698049827
2567.9605512935095
2568.467336222073
2568.9689884025147
2569.46740295761
2569.964126958506
2570.4599724874847
2570.95482614112
2571.4477062560004
2571.937052609253
2572.4211708864364
2572.8987126008346
