-0.10474910296801535
-0.10403821989248771
-0.10484938252326426
-0.10691117207620406
-0.10962253691741071
-0.11221110015935855
-0.11393663476467611
-0.11428613105029602
-0.11310907842694028
-0.11065730511719195
-0.10751883450681521
-0.10446311965044044
-0.10223836620326109
-0.10137430040235444
-0.10204234627878135
-0.10401010031076871
-0.10670218874211676
-0.10935158288991687
-0.11120160169687099
-0.11170543144591613
-0.11067058048764031
-0.10831012512530233
-0.10518710828799932
-0.10206658643732712
-0.09971417851960938
-0.09869413229148397
-0.099220140920874
-0.10109833464970615
-0.10377765022260797
-0.1064945059760513
-0.10847382416384321
-0.10913350824216896
-0.1082384577636083
-0.10596338821418032
-0.10284767560470108
-0.09965387875178221
-0.09716702282202636
-0.09598744505798266
-0.09637183917690637
-0.09816456767315233
-0.10083761485313815
-0.10362894439411452
-0.10574303313481323
-0.10656083978308702
-0.10580381713205904
-0.10360853148432007
-0.10049190659830966
-0.09721591234469211
-0.09458708971786838
-0.0932436258039426
-0.09348616198741973
-0.09519717118219749
-0.09787051597156513
-0.10074378454273936
-0.1029988316858376
-0.1039778068690663
-0.10335765599787175
-0.10123682716056473
-0.09811091773546114
-0.09474324606254018
-0.09196411835043193
-0.09045154558124005
-0.09055129353882806
-0.09218400611866677
-0.09486433911017082
-0.097827545820116
-0.1002305299222226
-0.10137454124295471
-0.10089072049921263
-0.09883924357709245
-0.09569542738837608
-0.09222592483761012
-0.08928722262988541
-0.08759936893700002
-0.08755467851559826
-0.08911221510983448
-0.09180641857011662
-0.0948681887014194
-0.09742696864087783
-0.09874076428684056
-0.09839335406825327
-0.0964062951075678
-0.09323559757034072
-0.08965330520884837
-0.0865446963220789
-0.08467433942289462
-0.08448279385012707
-0.08596798976369982
-0.08868321055969777
-0.09185290216965421
-0.09457632524190226
-0.09606561003489132
-0.09585533079346273
-0.09392787544035597
-0.09072085576107869
-0.08701385650803306
-0.08372378917464741
-0.08166253236685812
-0.08132088567992761
-0.08273630327195763
-0.08548003376565949
-0.08876786204499411
-0.09166589426635774
-0.09333742560612686
-0.09326566706471076
-0.09139306754852321
-0.08813968950513487
-0.08429492931286303
-0.08081044442486117
-0.07854856411651856
-0.0780526599843185
-0.0794005966305365
-0.08218076610406734
-0.0855979498524292
-0.08868183327342621
-0.09054354068277955
-0.09061240356487793
-0.08878992218357601
-0.08547940468189966
-0.08148248060656434
-0.07778898546085881
-0.07531524403998634
-0.07465991223964084
-0.07594240363300082
-0.0787674834065584
-0.08232641917197987
-0.08560886240696229
-0.08766999555706209
-0.08788234766047037
-0.0861051945777701
-0.08272583584606948
-0.07856074206830208
-0.0746417358265897
-0.07194315150075004
-0.07112207706790288
-0.07234089539180445
-0.07522002161884274
-0.07893449264233368
-0.0824299026893572
-0.08470121432136053
-0.08506076342857086
-0.08332402604545867
-0.07986299355291575
-0.0755118137185502
-0.07134855177113948
-0.06841011435031442
-0.06741567276330504
-0.06857231899584795
-0.07151543824673418
-0.07540086751247874
-0.07912563344984243
-0.08161960565860926
-0.08213099262733921
-0.08042955299418268
-0.07687262871418235
-0.0723151592661675
-0.06788623954992894
-0.06469055752031783
-0.0635136070250466
-0.06460929627296218
-0.06762734057359766
-0.07170110022335681
-0.07567394279687698
-0.07840506791901693
-0.07907398441337436
-0.07740241999457063
-0.07373368718373376
-0.0689469712131241
-0.06422781979510178
-0.060754679015187746
-0.059384298088831285
-0.060419936366837936
-0.06352503652658535
-0.06780683000126266
-0.0720492358581
-0.07503436702690391
-0.07586770384584253
-0.07422016527077116
-0.07042161805156785
-0.06537936195250105
-0.06034158712594824
-0.05656739443547407
-0.05499054803208566
-0.055966698239638964
-0.059172447363214316
-0.0636847864104522
-0.06822155239359101
-0.0714803441636368
-0.07248637816342175
-0.07085643513584833
-0.06690748516581317
-0.06157932003182101
-0.05618989266703127
-0.05208696766482516
-0.05028807968703447
-0.051204913605111146
-0.05452669706832867
-0.05929550401160545
-0.06415542643079122
-0.0677108934645627
-0.06889952390281036
-0.06727996678453449
-0.06315681109115713
-0.05750734576998455
-0.051727546983164105
-0.04726321069085082
-0.04522361116110748
-0.04608084296981629
-0.049536257533049334
-0.054591635208095825
-0.059808392802672306
-0.06368762559261738
-0.06507067472076578
-0.0634532537893504
-0.05912805272722402
-0.053115643261295906
-0.04689969584911256
-0.042035083533023786
-0.03973228572410314
-0.040529080637983536
-0.04413847488021235
-0.049515704457608764
-0.055129004202039485
-0.059364097002592556
-0.06095569549281573
-0.05933077140214632
-0.054770562842160975
-0.04834568959553174
-0.041638952637052404
-0.036327445807147654
-0.033734188753907136
-0.034469037601786205
-0.03825622032174051
-0.04399707423420052
-0.05005416005960837
-0.05468343062988592
-0.05650051689353182
-0.054856582590250634
-0.050021823190342624
-0.04312491551473653
-0.03586146457420049
-0.03004658761799948
-0.027129549027709726
-0.02780009555010331
-0.03179328135362106
-0.03794778048401668
-0.04450545293002801
-0.049575071420187536
-0.05163804663824511
-0.049961059708127226
-0.04480362839059823
-0.03736209558059526
-0.029461421218893107
-0.02307397015000342
-0.01979200706672563
-0.02039480877589444
-0.024627906348609147
-0.03125671761060838
-0.03838408881773836
-0.043950293049354654
-0.046283893514017335
-0.04455632296326846
-0.039016731302190674
-0.030940827285682173
-0.02230323945621008
-0.015257284303897414
-0.01155898230761044
-0.01208917721145664
-0.016603586106642407
-0.023781366971351324
-0.03156370105254908
-0.03769587365202451
-0.04033035371599071
-0.03852978611932945
-0.03253318922173348
-0.023710119406561526
-0.014210203451211621
-0.006397396338723316
-0.002217581685546555
-0.0026684214030668254
-0.0075156075631965516
-0.015335792971504829
-0.02387999604516952
-0.030665045909277357
-0.03363781778051102
-0.0317348648624467
-0.025185205255211507
-0.015470506100523126
-0.004947559254411179
0.0037711797556505794
0.008516525360939204
0.008154329790231346
0.0029090202752059973
-0.005672844206073868
-0.015115549666993707
-0.022664336941682045
-0.026022306702877643
-0.02397737125622328
-0.016748520116345752
-0.0059530648369383946
0.00580330392068109
0.015610292763688893
0.02103165137027985
0.02077083441731918
0.015042300835549088
0.005542838596860512
-0.004977069982919177
-0.013434169180030115
-0.01723718360481138
-0.014995295246770058
-0.006917179618759067
0.005213103835162169
0.01848542190973885
0.029625675196518975
0.03587176310897821
0.03572969846723658
0.029403582971114426
0.01877667628925766
0.0069391202195733075
-0.0026200845319563812
-0.006946262761246105
-0.0044285265286435685
0.004735486391157982
0.01855259047136017
0.03373196465068527
0.0465446805781352
0.05382125487395925
0.05382129473822501
0.0467376233080571
0.034690254048662786
0.021199712120200557
0.010269339509990863
0.005314789118797129
0.008225926628533144
0.018817668602432818
0.03482776006026255
0.052475931647914996
0.06744780119524503
0.07604878308071747
0.07622078278918204
0.06814341024262882
0.05424617335657123
0.038612412754001235
0.025919383346459077
0.020188063651405064
0.023675251836220847
0.03621146575668383
0.05517646176724913
0.07613756574275682
0.0939977679816456
0.10435833620800943
0.104733901660168
0.09528680530115531
0.0788670723532014
0.06032528135520957
0.0452609904794904
0.038527114262758844
0.042887035152766824
0.05819309241942607
0.08132657457757911
0.1069417240668186
0.1288404255484674
0.14162767917572364
0.14220955483976525
0.13072198692875445
0.11061744248473933
0.08785392858457833
0.06937139376562106
0.06124045589438298
0.0669722247622607
0.0864541186458787
0.1158263712217127
0.14837269483760718
0.1762274319110003
0.19247211512703993
0.1930700868016176
0.17810663575853244
0.15196526587776443
0.12234091993145747
0.09830066074334562
0.08787025126302173
0.09577744601337118
0.12197312471408162
0.1613741469282241
0.2049658382779621
0.24204240388068543
0.263043497636529
0.262252246986632
0.23961281856383257
0.20111672300974376
0.15755738211825063
0.12187863994238975
0.10573664297126396
0.11614960611679638
0.1531499892541967
0.2091534934213162
0.2703549189233703
0.3199434983317467
0.34242627505305506
0.3279889952654653
0.27571333171648243
0.19465461326809297
0.10224174550462531
0.02009696098017515
-0.03195717938300087
-0.04239544515077935
-0.013415090183316934
0.03619998860308342
0.07181232169285978
0.0475619295754419
-0.08567047293491192
-0.370340148976967
-0.832284450587019
-1.4728359567085951
-2.2648196458708396
-3.1535613979538035
-4.063068875747897
-4.9065018191186915
-5.5991491133687115
-6.071571069521215
-6.280473633390805
-6.215284065260286
-5.899215966896836
-5.384676462028613
-4.743957738110033
-4.05704230950469
-3.398854494221692
-2.8283121844856254
-2.3810799907699836
-2.0671054522735006
-1.8730179971463798
-1.76850301058199
-1.7150330146276245
-1.6749878479584903
-1.619280539361562
-1.5320826020810165
-1.411985077228656
-1.2697610784345499
-1.1236234770540006
-0.9933426922973696
-0.8947161461995541
-0.8356582054829432
-0.8146829926865441
-0.8219164006062276
-0.8421561844367578
-0.8590441030938052
-0.8592183797650018
-0.835407325794327
-0.7877641641824739
-0.7232304170200121
-0.6532222352360519
-0.5903350744912214
-0.5449646934016275
-0.5227081535908294
-0.5231595643034533
-0.5403259963840726
-0.5644645547371928
-0.5847906140719604
-0.5923143384824565
-0.5820685307718317
-0.5541842226758408
-0.5135930374871273
-0.46849902051127856
-0.42807272584279493
-0.40000009258645636
-0.38852782125635793
-0.3934906061263269
-0.410530836313896
-0.4324037732189256
-0.4509842249053617
-0.4594241258724728
-0.4538928686268211
-0.4344625523699497
-0.40493926777156636
-0.37172327904842584
-0.34203095975261566
-0.3219658903834026
-0.31494885152265606
-0.32090527491488374
-0.3363974372052922
-0.3556355695723623
-0.372074363310217
-0.3801575792214632
-0.37674845599825474
-0.3618802085748289
-0.3386501963586513
-0.31231111115545906
-0.2888215523338348
-0.2732525806478615
-0.26847330474295084
-0.274453370596828
-0.28834880120704504
-0.3053272384016606
-0.31989546018294907
-0.3273662733678776
-0.3250747301772943
-0.313029657799027
-0.29384312464399676
-0.27197453353714174
-0.2525056215396299
-0.239780923291139
-0.2362756163794193
-0.24198409566033227
-0.2544784233032063
-0.26960567908502503
-0.2826254254978579
-0.28947690196414694
-0.2878382944175136
-0.2777027965961547
-0.26132978302433274
-0.24259749171652434
-0.22594111920174378
-0.21516585652248163
-0.21245137533550174
-0.21780712532233112
-0.2291133359356243
-0.2427250445969254
-0.25446805931408745
-0.260755508517509
-0.25952706087526867
-0.2507655943066528
-0.2364626057693944
-0.22005197730283355
-0.20547204978880834
-0.19611135996499013
-0.193919479809208
-0.19891553627994635
-0.20921746753081177
-0.22157494944907422
-0.23225581699914755
-0.23804480215482288
-0.23708785785304307
-0.22936086263160857
-0.21664483145480729
-0.20202255521276835
-0.18903819686901957
-0.1807483644907231
-0.1789181788038989
-0.18357325383869522
-0.1930207003120101
-0.20432604813634433
-0.21411226452248897
-0.21946372085952034
-0.21869352852380786
-0.21177267651291146
-0.20031225607344666
-0.18711031982508627
-0.17539029008075946
-0.1679377850393756
-0.16636660044922622
-0.17070687341152457
-0.1794200777830338
-0.18983064515904308
-0.19885352870576287
-0.20382017824932777
-0.20318208338435217
-0.1969066907286938
-0.18646481696758513
-0.1744185989321518
-0.1637250116000514
-0.15694396259942012
-0.15556273740087656
-0.1596147771767042
-0.16769016026698685
-0.17732976424570948
-0.18569322898234894
-0.19031952654326906
-0.18977671007576297
-0.18402952395340105
-0.17443077459034784
-0.16334358891960316
-0.1534997233302751
-0.14726792297859256
-0.14602804917760182
-0.1498161136326061
-0.15733126358894545
-0.1662983844501985
-0.1740854947532924
-0.1784085822910864
-0.17793531118653447
-0.1726282081541877
-0.16373914693394956
-0.153460756995432
-0.1443315763332074
-0.13855613287498797
-0.13742187692490468
-0.14096699540148305
-0.1479846014368
-0.15635830784443133
-0.16363607730668261
-0.16768690383615673
-0.16726460528454126
-0.1623297109368908
-0.15404647820748577
-0.14445945677676353
-0.13593925318573916
-0.1305475829450639
-0.12949152685894844
-0.1328113042846586
-0.13938214769409193
-0.14722638143053282
-0.15404927665522503
-0.15785361384078364
-0.1574684818344168
-0.15285242277615144
-0.14509258646758325
-0.13610331385063268
-0.12810755614779093
-0.12304148431526628
-0.12204163606270943
-0.12515032371602172
-0.13131551408698733
-0.138682201360863
-0.1450947067122662
-0.14867399079495344
-0.1483154651131235
-0.1439755154346166
-0.13667253833207257
-0.12820505984718966
-0.12066482379271797
-0.11587656834680407
-0.11491443419607264
-0.11782306470876688
-0.12361568910723986
-0.1305470043328063
-0.13658550285469354
-0.13995750191047887
-0.13961726401226252
-0.13551868318172586
-0.12861805734773482
-0.12060976704760094
-0.11346780679973703
-0.1089171386186897
-0.10797636010617756
-0.11069285239463089
-0.11613916569320483
-0.12266917025635032
-0.12836331847040564
-0.1315426443091056
-0.1312139301774921
-0.12732807651233624
-0.12078455485864609
-0.11318308089155965
-0.10639097116420969
-0.10204312298278032
-0.10110844200708405
-0.10363762753757787
-0.10875787404122751
-0.1149136795839308
-0.12028739808487207
-0.12328588537463704
-0.12296299939093898
-0.11926596566837007
-0.11304153759462414
-0.10580243872349211
-0.09931842851830211
-0.09514248199291325
-0.09419888314565267
-0.09654242209146381
-0.10135134656683731
-0.10715390081396783
-0.11222606334903205
-0.11505303695507232
-0.11473099979397437
-0.11120261497790854
-0.10526500368206693
-0.09835002694982492
-0.09213737101625344
-0.08810494148556852
-0.08713686638240978
-0.08929302544187268
-0.0938001052363509
-0.09926466166987824
-0.10404953872514941
-0.10671198959582363
-0.10638628613090056
-0.10300939169636325
-0.09733093602390612
-0.0907066756276019
-0.08473228812298426
-0.08081638051101671
-0.07980693265613091
-0.08177019257066667
-0.08597960098464547
-0.09111590822349502
-0.09562340586797839
-0.09812610122539615
-0.09779252481554714
-0.09455248662006611
-0.08910933596712413
-0.08274619998005185
-0.07697953022808662
-0.07315347526117748
-0.07208354727174865
-0.07384400267514275
-0.07775429867244295
-0.08256653240015306
-0.08680226731621578
-0.08914784171713186
-0.0888024743967092
-0.08568695211367257
-0.08045857261465698
-0.07433003113843167
-0.06874211527259089
-0.0649785298886785
-0.06382580034347468
-0.06536831689863791
-0.06897185629616145
-0.07345832696322295
-0.07742361014548908
-0.07961274265700126
-0.07925219579131623
-0.07625129585242295
-0.07122039669115665
-0.06530258876099126
-0.05986531704078831
-0.05613509639902485
-0.05487288796398715
-0.05617601811986099
-0.059458126169502336
-0.06361086635226688
-0.06730277825124384
-0.06933471686523264
-0.06895695430068255
-0.06606411799839478
-0.06121734127919911
-0.055489341422942665
-0.05017517919287691
-0.046446696746453194
-0.04504283662809858
-0.04607764677277727
-0.049015774914738186
-0.05282035435969748
-0.05623242198932787
-0.05810653587593265
-0.0577131036044507
-0.054927641499509995
-0.050257941709742106
-0.04470355889644159
-0.039486497932492086
-0.03572569407848192
-0.034142010441103675
-0.03487149924152583
-0.037435209801542836
-0.040871900476840806
-0.043996858327239506
-0.045717082449007414
-0.045318946986168944
-0.04265265458317413
-0.03816589744922318
-0.03277950040191301
-0.02763961923830057
-0.023813248674056535
-0.022007973749548482
-0.022389553168985013
-0.024544257497094765
-0.027594176942071048
-0.030433324138659408
-0.03202095590962829
-0.031654280920394275
-0.029149134031130675
-0.024882314297578114
-0.01968623515303606
-0.0146254378067839
-0.010715118207902557
-0.008656195576407849
-0.008656071575489463
-0.010380803405547362
-0.013049362457541784
-0.015643340944632763
-0.017175708495353777
-0.016947672619662773
-0.014726909844808279
-0.010801985657888076
-0.005900741630548645
-0.0009959974142805324
0.00294921984102956
0.005229929558905568
0.005576824611438273
0.00421859364188736
0.0018148713352074764
-0.0007206256389785319
-0.002459336901538183
-0.002696958666235178
-0.001131218658477115
0.0020658733442711972
0.006297594478478994
0.010698799624597088
0.01435706939405935
0.016541404849521622
0.016880637247509836
0.01544781339087973
0.012731511477784656
0.009503780694808507
0.0066198372976179675
0.004800552840825504
0.004451531967604039
0.005562016683740095
0.007706100116933131
0.01014328169419871
0.011991625416681528
0.012430332793594463
0.010882976674293162
0.007138718172181339
0.0013845044499547873
-0.005857626563851612
-0.013872534977078917
-0.021940641719063986
-0.02953150190964817
-0.036460679894589516
-0.04297710791900718
-0.04976319291099502
-0.05784799360111878
-0.06845132703179305
-0.08279066572357778
-0.10189102577886705
-0.12643959877040184
-0.1567214405505507
-0.1926606414731142
-0.2339742310338611
-0.28042538255546057
-0.3321407055290435
-0.3899366596812876
-0.4555860636020141
-0.5319511005801094
-0.6229173418059304
-0.7330857647765485
-0.8672157271114397
-1.0294574772734684
-1.22246109918
-1.446490600607124
-1.6986973076228942
-1.9727074325480936
-2.25864995497755
-2.543693574522714
-2.813082476600189
-3.051572665624303
-3.245089977501941
-3.38237441747109
-3.4563568867213506
-3.46504089822321
-3.4117320857820306
-3.304561579795392
-3.1553674777970118
-2.978109310029799
-2.7870716001354414
-2.5951474932373015
-2.41247410968516
-2.245620951837285
-2.097425188927203
-1.9674447439557885
-1.852886910239419
-1.7497897286151933
-1.6542013953685668
-1.5631247346537105
-1.4750627023595604
-1.3901002648692162
-1.3095648133337279
-1.2353975663585635
-1.1694227397526655
-1.1127090721190853
-1.0651801576754427
-1.025557208812982
-0.9916293418922195
-0.9607642406694493
-0.9305157368221165
-0.8991670684824563
-0.8660720714896933
-0.8317138085403024
-0.7974755319754638
-0.7651927888062797
-0.7366092885542477
-0.7128798685357299
-0.6942472533439891
-0.6799706537938217
-0.668516926864348
-0.6579567858431022
-0.6464569664114225
-0.6327371900204175
-0.6163732086624575
-0.5978701557104054
-0.5784920731485209
-0.5598974527181843
-0.5436802607307254
-0.5309385969215746
-0.5219834852756515
-0.5162614322708539
-0.5125069869601789
-0.5090809171332961
-0.5044016796520027
-0.49735494294712945
-0.48757361288556844
-0.4755166207332425
-0.46232882975988243
-0.4495223312845549
-0.43856586345722315
-0.43049204727981394
-0.42562588161542814
-0.42350451385758536
-0.42300686679572924
-0.4226560393885334
-0.42101223537686616
-0.4170510894418568
-0.4104274236034298
-0.40155598087617933
-0.39148992020776613
-0.3816316068811697
-0.37335424011961216
-0.36763559660971956
-0.36480085055592637
-0.36444148598432546
-0.3655299363523632
-0.3666974914600965
-0.3666000454258111
-0.36427371407341136
-0.35938600185906255
-0.3523168301365807
-0.3440495253117779
-0.3359025070318823
-0.32917443609834707
-0.32479790786870394
-0.32309365804720724
-0.32368973248675287
-0.3256256745551079
-0.3276124348057816
-0.3283775563640574
-0.32700310039901953
-0.3231664643748935
-0.3172207994772194
-0.31009490698392256
-0.3030406799560181
-0.297296505800886
-0.2937568862974783
-0.29273619389846356
-0.29388876707218525
-0.2963054655823451
-0.2987596745427253
-0.3000361429246073
-0.29925445572352233
-0.29610098987288963
-0.2909081832592308
-0.2845610464109472
-0.2782570140052975
-0.2731841387282284
-0.2702039584121827
-0.2696235520329722
-0.27111697445969846
-0.2738160494938791
-0.27654522143677407
-0.2781369159613493
-0.2777427921884503
-0.2750578896578324
-0.27039841549342436
-0.2646133151620835
-0.25885422646340045
-0.2542660465475589
-0.2516811511573279
-0.25139884236775695
-0.25310838488951587
-0.2559753388846933
-0.25886720772183824
-0.260657375937769
-0.26052576168534886
-0.25817594094453117
-0.25391124160195727
-0.2485502687783225
-0.2432052946948732
-0.23898343123942925
-0.23669079777086363
-0.23661866927314976
-0.23846828151092772
-0.24143364573838272
-0.2444194280743306
-0.24633499639215048
-0.24638569748830705
-0.24428356980092952
-0.24032161031462093
-0.23529244272138158
-0.23027389504100315
-0.2263394376869586
-0.2242712214370364
-0.22435237955265455
-0.226293707491443
-0.2293136625191461
-0.2323495667074789
-0.23434294256950033
-0.23452237079020732
-0.2326082825700316
-0.2288853159079822
-0.2241235130479972
-0.2193701232733362
-0.21566825997260441
-0.2137779551181776
-0.21397417032329594
-0.21597541558034467
-0.21902147172843134
-0.2220787701604176
-0.22411795061644135
-0.22438906605788658
-0.22262085984527186
-0.21909116218759386
-0.2145501423209874
-0.21001757583073455
-0.20650888311821966
-0.20476350777862773
-0.20504826529186296
-0.20708793698213226
-0.21014113567978726
-0.2132005435465982
-0.2152634472598587
-0.21559991876846057
-0.2139469189751404
-0.21057670880300441
-0.20622178193925766
-0.2018769831805952
-0.19853224390657756
-0.19690771071815255
-0.19726211577379557
-0.19932536242385795
-0.20237286833012158
-0.2054212160330142
-0.2074922883063659
-0.2078749503017745
-0.2063142730343046
-0.20307795014203714
-0.19888261134848492
-0.19470028830508973
-0.19149727795413732
-0.1899755379862622
-0.19038580547377087
-0.1924621766629684
-0.1954951973716125
-0.19852338506605047
-0.20059148634221757
-0.2010061067735771
-0.19952030974774232
-0.1963980418097003
-0.19234158319860423
-0.18830194168019881
-0.18522336336521092
-0.18379058147791166
-0.1842464435826955
-0.18632847804509028
-0.18934095232357628
-0.1923426513632227
-0.19439970081086713
-0.19483552885136166
-0.19341106583693607
-0.19038718955782188
-0.1864531124964269
-0.18254034956500956
-0.17957246549952396
-0.17821781872716078
-0.17871148456951666
-0.1807937937343257
-0.18378154090228146
-0.18675234615076056
-0.18879242551896347
-0.18924121962976562
-0.18786739509078487
-0.18492932709556933
-0.18110425691762688
-0.17730553127028897
-0.17443723088264496
-0.17315209573452767
-0.17367755381627223
-0.17575621189171875
-0.17871636665042195
-0.18165322952297216
-0.18367197637124538
-0.18412733756975877
-0.18279558194930026
-0.1799330584617349
-0.17620598432950993
-0.17251069537382238
-0.16973284531481572
-0.16851023497302575
-0.1690627746370226
-0.17113490369284257
-0.17406553253922563
-0.17696637365141096
-0.17896056152822531
-0.1794174659052101
-0.17812082207590782
-0.17532535641658806
-0.1716870872240777
-0.16808635925718757
-0.1653913401858017
-0.16422550643614278
-0.16480138279895454
-0.16686486496219585
-0.16976470092465795
-0.17262814043804123
-0.17459538277613154
-0.17504984725873693
-0.17378259941066898
-0.17104708726916895
-0.16748985451451393
-0.16397616040267196
-0.16135753042670076
-0.16024367668791648
-0.1608398716793905
-0.16289314600808216
-0.16576140213968116
-0.1685865688903999
-0.17052510654421701
-0.17097394569869398
-0.16973134638252055
-0.16704977349583292
-0.1635669362660366
-0.16013381801352908
-0.15758606381685394
-0.1565201346437704
-0.15713418372124088
-0.15917610058722434
-0.1620123368813507
-0.1647987312496243
-0.1667072776716474
-0.1671479239153033
-0.1659259900356743
-0.16329321220146786
-0.15987903446316074
-0.15652089235669686
-0.1540392421806312
-0.15301776638558673
-0.15364763093689066
-0.15567734614536535
-0.15848137330268447
-0.1612287673629828
-0.16310639418462386
-0.1635367629315771
-0.16233212101992872
-0.15974369609095526
-0.15639317606619496
-0.15310510718974424
-0.15068538819002592
-0.14970536018788294
-0.15034933223507949
-0.15236622902643518
-0.15513803802398726
-0.15784640194758479
-0.15969245332010237
-0.1601108404669977
-0.15892060772841107
-0.156372665547878
-0.15308140319575922
-0.14985907604261137
-0.14749760397421238
-0.14655639278872173
-0.14721302286001603
-0.14921665374563714
-0.15195636371109772
-0.15462581090161495
-0.156439838590266
-0.156844841605399
-0.15566653330375552
-0.15315567372669897
-0.14991976649857583
-0.14675932234842926
-0.14445281513027453
-0.14354809369200766
-0.14421613552805124
-0.14620617840633426
-0.14891399762876195
-0.151544743381183
-0.1533264570177583
-0.15371691347420854
-0.15254836995641627
-0.1500715819285529
-0.14688754177005045
-0.14378551616460275
-0.14153102530673323
-0.14066071481869127
-0.14133908245235238
-0.14331530711451973
-0.14599150357471327
-0.14858383359492547
-0.15033306212017342
-0.15070800126511721
-0.1495473297965913
-0.14710192640293007
-0.14396661290691593
-0.14091987239146755
-0.1387147279347057
-0.13787695354873988
-0.13856468757093796
-0.14052692983272747
-0.14317180868723972
-0.14572605486043874
-0.14744271630213057
-0.14780132046354108
-0.1466468483469837
-0.14423041409618606
-0.14114098005922274
-0.1381466706383906
-0.13598843641829347
-0.13518149148283518
-0.13587773218572638
-0.1378258736550901
-0.14043975982912502
-0.14295628135050173
-0.14464035885685161
-0.14498193233517429
-0.14383216870055957
-0.14144251626824753
-0.13839636285889262
-0.13545186752152558
-0.13333830438905486
-0.13256062124399456
-0.1332645869472679
-0.13519853897662085
-0.1377817635227778
-0.14026093200995668
-0.1419124546024417
-0.1422363982953154
-0.141090002602338
-0.1387251369426465
-0.13571987637547192
-0.13282277969402548
-0.13075181491220797
-0.1300019407159603
-0.1307129100165925
-0.13263260076743272
-0.13518548999972713
-0.13762767756408514
-0.13924670446175116
-0.13955249490042748
-0.1384082506666905
-0.13606633889837955
-0.13309976300574244
-0.13024782128751208
-0.12821752274796708
-0.12749409918847038
-0.12821139618513264
-0.13011676000239805
-0.13263962666552573
-0.13504519617438157
-0.1366318038200938
-0.13691897560880165
-0.13577576822141169
-0.1334551140593998
-0.13052516751791132
-0.1277162833316013
-0.12572483754515654
-0.1250265835527167
-0.12574956532087417
-0.12764053380772183
-0.1301336697209663
-0.1325029666662707
-0.13405723778802744
-0.13432536866616326
-0.13318216638807737
-0.1308811881605429
-0.12798594540043517
-0.12521814555749886
-0.12326383860208759
-0.12258953537802318
-0.12331758113472574
-0.1251940754587798
-0.12765774520320708
-0.12999109072550633
-0.1315131049139105
-0.13176180282982913
-0.13061764030122175
-0.12833485179387355
-0.12547249682134676
-0.12274391308305455
-0.12082511386275727
-0.12017359168196806
-0.12090609319984849
-0.12276801726342822
-0.1252024525756264
-0.1275001372891959
-0.12898996268159782
-0.12921885439275535
-0.12807281806914786
-0.1258068115896853
-0.12297562010549785
-0.12028447203095397
-0.11839961732790798
-0.11776974368199697
-0.11850609660056001
-0.1203533307827899
-0.12275872538693344
-0.12502100372403296
-0.1264786894672375
-0.1266874102762536
-0.12553862535250077
-0.12328805652395644
-0.12048637983762166
-0.11783095929781377
-0.11597854019620012
-0.11536920892512964
-0.1161088046743242
-0.11794119990865198
-0.12031770457055736
-0.12254478941636943
-0.12397035864184017
-0.12415854295027134
-0.12300616140230623
-0.12076973528294038
-0.11799598561233628
-0.1153746425804786
-0.11355319191699173
-0.11296331304041714
-0.11370553114255676
-0.11552290313618997
-0.11787062076219595
-0.1200626781939372
-0.12145612128726709
-0.12162339370623206
-0.12046658314754714
-0.11824304134587377
-0.11549567816365684
-0.11290680745995671
-0.11111488801519234
-0.1105433780248433
-0.11128757858243947
-0.11308970201893256
-0.1154086826553272
-0.11756582663319164
-0.11892709462006054
-0.11907306142391512
-0.11791099452833359
-0.11569910304063842
-0.11297662018879517
-0.11041864891460348
-0.10865484211087943
-0.10810061452917594
-0.10884613074251154
-0.11063273334051364
-0.11292296895874249
-0.11504525584876889
-0.1163742537561541
-0.1164984945088811
-0.11533033880012604
-0.11312887635116796
-0.11042978969909796
-0.10790116514792811
-0.10616406006686556
-0.10562601611877866
-0.1063721467140935
-0.10814290304856829
-0.11040432203497391
-0.11249174487880785
-0.11378832497026149
-0.11389038419935876
-0.11271529205865019
-0.11052303878059792
-0.10784587425853376
-0.10534505214596446
-0.10363323473090938
-0.10311025402435726
-0.10385625551799635
-0.10561078055299189
-0.10784324186411058
-0.10989572435625898
-0.1111596791899102
-0.11123905803826613
-0.11005615684214265
-0.10787188319148638
-0.10521516509707221
-0.10274059801850156
-0.10105264039207514
-0.10054357156483293
-0.10128865034994496
-0.1030264926926868
-0.10522977970013325
-0.10724716989956075
-0.1084782252289516
-0.10853437309236168
-0.1073427554754654
-0.10516521137519151
-0.10252745094217987
-0.10007757705924376
-0.09841202697859337
-0.09791567836233185
-0.09865898269760061
-0.10037961767886178
-0.10255343182592563
-0.10453549573233137
-0.10573330338025191
-0.1057656096554158
-0.1045643240171982
-0.10239222834138335
-0.09977191269344429
-0.09734514478817168
-0.09570051540184388
-0.09521564589788173
-0.0959562580257492
-0.0976590808636697
-0.0998030354149243
-0.10174945070704185
-0.10291358171852015
-0.10292136797166286
-0.10170940954060503
-0.09954144026185334
-0.09693702208643695
-0.0945317373406808
-0.09290649763621966
-0.09243180823007406
-0.09316873709219604
-0.09485305664706453
-0.09696667107345718
-0.09887702158047255
-0.10000696024815262
-0.09998947341573164
-0.09876577649967215
-0.09660056214861397
-0.09401045076673116
-0.09162498197880116
-0.0900175486775413
-0.08955167540109099
-0.09028385081592132
-0.0919488848574049
-0.0940315808320812
-0.09590535276218426
-0.09700049259191887
-0.09695690032086308
-0.09572033289026079
-0.09355644651621293
-0.09097900158646054
-0.08861163112153202
-0.08702036338580248
-0.08656187316881339
-0.08728814299690206
-0.08893301659564656
-0.09098411729808445
-0.09282069900427617
-0.09388034247937216
-0.09380973254115256
-0.0925590951549851
-0.09039505287663514
-0.08782858290927624
-0.0854775416568796
-0.0839007409924283
-0.08344813290883708
-0.08416726584229454
-0.08579101565992181
-0.08780975130229215
-0.08960843963876851
-0.09063180497364581
-0.0905331920787366
-0.08926722461670747
-0.08710149236905824
-0.08454426180885312
-0.08220773707283154
-0.08064365653540348
-0.08019537275283048
-0.08090607125276916
-0.0825076604807328
-0.08449318504117934
-0.08625320353244083
-0.08723944387655137
-0.08711178959057103
-0.08582919173765777
-0.0836602064150931
-0.08111045776107914
-0.07878661683940026
-0.07723348661589288
-0.076787940458121
-0.07748887161341778
-0.07906722371824397
-0.08101865143802951
-0.08273918922797951
-0.08368743370560738
-0.08352968927808486
-0.08222916500862999
-0.08005538070402873
-0.07751138284432112
-0.0751984239861074
-0.07365450558657083
-0.0732101395352583
-0.0738999972993489
-0.07545406269801778
-0.07737053916391691
-0.07905082628829461
-0.07996025915896553
-0.07977144831156752
-0.07845179220524731
-0.07627177019572377
-0.07373191246906274
-0.07142816363852814
-0.06989185410976953
-0.06944725020778642
-0.07012487259797832
-0.0716537530361777
-0.0735345868670901
-0.0751740331646544
-0.07604403976221497
-0.07582341148131493
-0.07448366835527058
-0.0722962438228641
-0.06975921038075987
-0.06746331208577773
-0.06593333630404534
-0.06548741894152912
-0.06615200223218046
-0.06765517706822105
-0.06950007869399258
-0.07109852523313318
-0.07192895604557685
-0.0716762613271377
-0.07031601582828968
-0.06812060078680345
-0.06558568771389624
-0.06329692553076025
-0.061772685591698955
-0.06132508930988226
-0.06197657570844441
-0.06345431068078865
-0.06526382310338413
-0.06682199554041725
-0.067613642582565
-0.06732963423253785
-0.06594953468294228
-0.06374666686807189
-0.061214357601979824
-0.05893326609244015
-0.05741547606359908
-0.05696721365902202
-0.057606995229657426
-0.05906108442140454
-0.06083736508131365
-0.06235769693529622
-0.06311315971593835
-0.06280050230162448
-0.06140321620701952
-0.059195562243599016
-0.05666858118617256
-0.054398051440756275
-0.05288990290086718
-0.052444593357229695
-0.053076806778314015
-0.054511938400213414
-0.056260199787941154
-0.05774835128204191
-0.05847363704405967
-0.05813859177943991
-0.05673057906404041
-0.054524800566607266
-0.05201007761476773
-0.049757426878221336
-0.04826677125006767
-0.04783294302068408
-0.048466902285660585
-0.04989322911845572
-0.05162445490485787
-0.05309218234681334
-0.05379973611670851
-0.05345535930619079
-0.05205024773998497
-0.049860563708894766
-0.04737299537027143
-0.045153940500502004
-0.043697490163489054
-0.0432930265009663
-0.04394792972277744
-0.04538605482768847
-0.04712228177091379
-0.04859303282256898
-0.049307663472340765
-0.04898008176423331
-0.0476053116528802
-0.045460535536713156
-0.043030440599980666
-0.040877002100883394
-0.03948871583757798
-0.039149757408510004
-0.03986414427800811
-0.04135517217844647
-0.04314017472207883
-0.04466044704687914
-0.04543140228021844
-0.0451726491550327
-0.04388312086301077
-0.04184117447221352
-0.03952973657962357
-0.03750667949772859
-0.03625527857453651
-0.03605489800553086
-0.03690657145779188
-0.038533370046404586
-0.040455359704716455
-0.04211893971715988
-0.04304579223546392
-0.04296145817546513
-0.04186907425933355
-0.04004856398554156
-0.03798160042644813
-0.03622257179918517
-0.03525023987068367
-0.03533991487211057
-0.03649041403111288
-0.03842532900212515
-0.04066816732333929
-0.04267111603871127
-0.04396281769627819
-0.044275494435036415
-0.0436173483492034
-0.04227089144188791
-0.04071775410035843
-0.03951024328480355
-0.03912418027349964
-0.039832525216755975
-0.04163366898279096
-0.04425356512340065
-0.04722104336956444
-0.04999601716071765
-0.05211613623492507
-0.05332253270472532
-0.053630968268406486
-0.05332937954919461
-0.05290258623843505
-0.052904464044027676
-0.053811951460566006
-0.05590009019303141
-0.05917160994781381
-0.06335989868616917
-0.06800449531942064
-0.07257879430831624
-0.0766356761113705
-0.07993201502450172
-0.08249873215297161
-0.08463770980379441
-0.0868465248477192
-0.08969131916648795
-0.09366201382763066
-0.09904877277551553
-0.10587288307789391
-0.11389059395778606
-0.12266887838925206
-0.1317128044824698
-0.14061039711805878
-0.14915622818698612
-0.1574207296094565
-0.16574682130743815
-0.1746749624298075
-0.18481693089282933
-0.19671236827267857
-0.2107067197660228
-0.22688343149868592
-0.24506869664292477
-0.26490758104606416
-0.2859912268517522
-0.30800115257619565
-0.3308320966894606
-0.3546606005675813
-0.37994104118549243
-0.4073302031790108
-0.43756052394209954
-0.47129574878040476
-0.5090072511196735
-0.550903494938405
-0.5969305879437075
-0.6468424792259405
-0.7003202787726481
-0.7571065181158332
-0.8171155878963418
-0.8804873219953608
-0.9475652541626906
-1.018800625178535
-1.0946026330117562
-1.1751696218678667
-1.2603412283636728
-1.3495066381884047
-1.4415904367384331
-1.5351187387015262
-1.6283493226599097
-1.7194353002881928
-1.8065859816645446
-1.888192334264627
-1.9628964508358988
-2.029601215576673
-2.087433148503231
-2.135683565858291
-2.173757433427154
-2.2011545748067953
-2.217495712756197
-2.222589749191708
-2.2165234060561443
-2.199744331278944
-2.1731070506036714
-2.1378584489202335
-2.0955540050953925
-2.0479139402532707
-1.996644909273645
-1.9432633075692607
-1.8889576686069605
-1.8345193700563374
-1.7803549139901365
-1.7265734543719584
-1.6731250907399504
-1.6199534808288638
-1.5671236987541959
-1.514893682327992
-1.4637131275562136
-1.4141532135158437
-1.3667889290410418
-1.3220681820597195
-1.2802050541472587
-1.2411277249814239
-1.2044966079422073
-1.1697891468207917
-1.1364296461970538
-1.1039302817180976
-1.0720063225545071
-1.040635413135732
-1.010045662056991
-0.9806362679751911
-0.9528523836471068
-0.927048066176122
-0.9033742368526463
-0.8817217649139831
-0.8617349324113146
-0.8428916223453876
-0.8246286717184397
-0.8064787393023822
-0.788181986309142
-0.7697426615916136
-0.7514154867978461
-0.7336255717330304
-0.7168434013247214
-0.7014484491599466
-0.6876179749517857
-0.6752707608238747
-0.6640807701208044
-0.6535569430977074
-0.6431676140701128
-0.6324760973013566
-0.6212510379170876
-0.6095219396543509
-0.597565023417712
-0.5858232760106551
-0.5747821954857744
-0.5648345966079651
-0.556170733802732
-0.5487231643104019
-0.5421810559950996
-0.5360699996576044
-0.529875820546024
-0.5231791083832827
-0.5157643513906106
-0.5076744170344686
-0.4991958196170683
-0.4907788004520867
-0.48291372986239745
-0.475997032719648
-0.4702226107990966
-0.4655278527654746
-0.46160864380473027
-0.4579992588592106
-0.45419562132062535
-0.4497888002890698
-0.44457291188535175
-0.4385984997425863
-0.43215713179400156
-0.4257014221378532
-0.4197220078051024
-0.4146145347565402
-0.410572349982926
-0.4075336583308329
-0.40519725616433155
-0.40310253779237437
-0.40075223032066887
-0.3977448726902923
-0.39388147806549295
-0.3892177867276509
-0.38404814876921844
-0.3788254373795875
-0.3740385533520082
-0.37008043655851275
-0.3671420101947974
-0.36516048501199583
-0.36383583212823567
-0.36271092552636597
-0.3612937756205771
-0.35918900501615486
-0.35620327451953726
-0.3523963973037179
-0.34806448497311715
-0.34365972335392686
-0.33966837579263803
-0.33647979716483234
-0.33428161758719926
-0.33300919320302114
-0.3323628277601955
-0.3318880674922617
-0.33109745127846296
-0.3296009973993788
-0.32721039988115885
-0.3239890012213342
-0.32023419026358335
-0.3163970228151091
-0.3129607040663628
-0.31031058791308597
-0.3086305890365874
-0.3078537773137851
-0.3076803534020038
-0.30765810745043676
-0.307303700139998
-0.30623217365299255
-0.30425992702226645
-0.30145354931280327
-0.29811146394335114
-0.29468338283058004
-0.29164925343356773
-0.28939022915092627
-0.2880862990913764
-0.2876680213427428
-0.28783525455921843
-0.28813778844166593
-0.2880961672850988
-0.2873302373808478
-0.28566091100995333
-0.283157864680039
-0.28012042829583533
-0.2769968654373632
-0.2742637736841986
-0.27229801358772854
-0.27127554552700067
-0.27112429566240803
-0.27154364318503466
-0.272085227987227
-0.2722733263940953
-0.27173244637544863
-0.27028789031121486
-0.26801232456150953
-0.2652059143088511
-0.26231542513009326
-0.2598140673225813
-0.25807437208008915
-0.257268224827158
-0.2573208566641763
-0.25793108526322733
-0.25865230333098443
-0.25901241475015724
-0.2586404882852247
-0.2573661294815518
-0.2552649289231722
-0.25263784519526733
-0.24993012465934725
-0.24761158194586333
-0.24605041276438344
-0.24541441312265
-0.24562608835178762
-0.24638364442939165
-0.2472421595002535
-0.24773308755361523
-0.24748998073014525
-0.2463466807999321
-0.2443816541662015
-0.2418966265205703
-0.23933531897906485
-0.23716415796214638
-0.2357470146850062
-0.23524759971552286
-0.2355856811758426
-0.23645882240223978
-0.23742373779080814
-0.23801537028162317
-0.23787169188482407
-0.23683072517285977
-0.23497377354707658
-0.23260331195267403
-0.23016153845029397
-0.2281115075110829
-0.22681278673245484
-0.22642501627378997
-0.22686522750236665
-0.2278303222657146
-0.22887861357062084
-0.2295484824657478
-0.22948226597811738
-0.22852211898526634
-0.22675214855382375
-0.2244755656498605
-0.22213305191288832
-0.22018431102977504
-0.2189846336456196
-0.21868961133105908
-0.2192135467326285
-0.2202526692708603
-0.22136686057478058
-0.22209789580117498
-0.222092427794602
-0.22119669959422777
-0.21949759182988912
-0.21729904077383277
-0.21504022061659414
-0.21317750810077113
-0.21206194696832664
-0.21184510625258074
-0.21243857287288095
-0.2135378982349765
-0.21470450788316844
-0.2154835318344774
-0.21552589343420084
-0.2146818826129479
-0.21304112541969594
-0.21090827405689938
-0.2087210053756168
-0.20693239438017622
-0.20588926988748454
-0.20573920709262555
-0.20639109349400403
-0.2075398006275666
-0.20874827703328944
-0.20956497179304723
-0.20964503624076963
-0.20884276792760464
-0.20725051140548598
-0.2051736260996834
-0.20304830207319252
-0.20132433837912117
-0.20034438191228757
-0.200252044366909
-0.2009535323718268
-0.20214303841553832
-0.2033850159291541
-0.20423119988117014
-0.20434092921156602
-0.20357247129290548
-0.2020208630673934
-0.19999216276139284
-0.1979210842372173
-0.19625417648600751
-0.19532993793471873
-0.19528804809187716
-0.19603205280249547
-0.1972554682985075
-0.1985242369606766
-0.19939334852997903
-0.19952629086444243
-0.19878526450502157
-0.19726797322726244
-0.19528116570454485
-0.1932580899847134
-0.19164207069388797
-0.19076749132574314
-0.19077013105458876
-0.19155089607630899
-0.19280263063718872
-0.1940927518395816
-0.19497947476986227
-0.1951303989222767
-0.19441162229455614
-0.19292349034910275
-0.19097343379835657
-0.18899324492433026
-0.18742304931073533
-0.1865931488900057
-0.1866354545892809
-0.1874482548006815
-0.1887237271904183
-0.19003075074956616
-0.19093073790556506
-0.19109536371627886
-0.19039458873447565
-0.18893137528887805
-0.18701382760414753
-0.1850722918318532
-0.18354371935011843
-0.18275436357923494
-0.18283229931391043
-0.18367321945778525
-0.18496864138806682
-0.18628889431582515
-0.1871985612370939
-0.1873733577719384
-0.18668707284933378
-0.18524526112150486
-0.18335669164821772
-0.18145027363380847
-0.17995980853524823
-0.1792075338810573
-0.17931772033006158
-0.18018348790870403
-0.18149570069829557
-0.18282612745336355
-0.1837424960567332
-0.1839245286599253
-0.1832498090535419
-0.1818264599214206
-0.17996390631920806
-0.17808962921893204
-0.17663430385073098
-0.17591618397298117
-0.17605576788489052
-0.17694362551520224
-0.17826997520642046
-0.179608015441916
-0.1805285942922659
-0.18071540730529553
-0.1800498002417179
-0.17864243976184624
-0.17680339791557131
-0.17495873568689616
-0.17353602516436337
-0.1728495679145237
-0.17301612135992678
-0.17392372818469973
-0.17526196900848412
-0.17660546298926186
-0.177528154585014
-0.17771768044210287
-0.17705911599275287
-0.17566564804861862
-0.17384798649608516
-0.1720307801106576
-0.17063852030881996
-0.1699815874725989
-0.17017302928631853
-0.1710983840449853
-0.17244660303862364
-0.17379371772565716
-0.17471674598234732
-0.17490723404649722
-0.1742539552932927
-0.1728725930880401
-0.1710744858492665
-0.16928287746970636
-0.16791920054925388
-0.16728994470585531
-0.16750447864346701
-0.16844585907238552
-0.16980241665912324
-0.17115158740384248
-0.172073440407688
-0.17226340074512775
-0.17161390855718386
-0.17024312039215225
-0.16846299376103785
-0.16669537455959527
-0.16535865781917997
-0.1647554722199959
-0.16499153783832896
-0.16594745251201676
-0.1673109352521779
-0.16866081940398703
-0.1695802038293953
-0.1697683624043215
-0.16912137139454816
-0.16775983738822944
-0.16599632742566559
-0.16425129586653195
-0.1629401208247646
-0.16236159927378388
-0.16261783259304774
-0.16358698233719368
-0.16495616505052302
-0.16630560474423947
-0.16722140926658105
-0.16740667195079803
-0.16676107506849927
-0.1654076523332417
-0.16365957063937914
-0.16193589886238888
-0.1606490182655523
-0.16009392275390122
-0.16036912450896923
-0.161350371244596
-0.16272418641371894
-0.16407217849463196
-0.16498344420239353
-0.16516486764894334
-0.16451970750272707
-0.16317340191746596
-0.16143970786557826
-0.15973631439703984
-0.15847262542065635
-0.1579398598252065
-0.1582329696553111
-0.15922531106167803
-0.16060282394046232
-0.16194849548584328
-0.16285439178451408
-0.1630311596912095
-0.16238560516019937
-0.1610455483300508
-0.15932532638484423
-0.15764125383006808
-0.15639977616060902
-0.15588836472273038
-0.15619844004540553
-0.15720098881537095
-0.15858137704262681
-0.15992396530569447
-0.16082377016474483
-0.16099517380270106
-0.16034850083551358
-0.1590139311613468
-0.15730637222866628
-0.15564076891722264
-0.1544206267076674
-0.15392969630911296
-0.15425589491663955
-0.15526786166364026
-0.15665039846136336
-0.1579892343359884
-0.15888231799515595
-0.1590477401369529
-0.15839931589103676
-0.15706956291937949
-0.15537394891588557
-0.1537260537051759
-0.1525264606280706
-0.15205522610410072
-0.15239679173932938
-0.1534174708284423
-0.15480151107167966
-0.1561360053792113
-0.15702181682954516
-0.1571807184059265
-0.1565299880692595
-0.15520445947835804
-0.15352015048982126
-0.15188928010976596
-0.15070952690329423
-0.15025727880176407
-0.15061352913413312
-0.15164228686982467
-0.15302725547223087
-0.15435688752529836
-0.15523494323009035
-0.15538685219053527
-0.15473332797143552
-0.15341149868905593
-0.1517379222235551
-0.15012346067854218
-0.1489629047120341
-0.14852899903439398
-0.1488993155818002
-0.14993558030699466
-0.15132096248534238
-0.15264527049976262
-0.1535151449346938
-0.15365964689888428
-0.1530028987787048
-0.1516843018343395
-0.1500209437807867
-0.14842233342696598
-0.14728038991180706
-0.14686423946981375
-0.14724805910706132
-0.14829131286139655
-0.14967664593313
-0.1509952189489802
-0.1518565366281442
-0.15199326700113353
-0.15133291492848772
-0.15001713372470635
-0.1483635307073066
-0.14678026470227934
-0.14565639925103618
-0.1452574663477026
-0.14565427411613896
-0.14670404557295896
-0.14808891201195717
-0.1494013830530824
-0.1502538117753549
-0.15038244906539291
-0.14971815633550262
-0.14840481808659162
-0.14676055096829305
-0.14519216685077618
-0.14408588914693193
-0.1437036793487257
-0.14411300233800808
-0.14516886079589322
-0.14655288232568067
-0.14785892258123068
-0.1487021676838081
-0.14882242781331423
-0.14815389542667057
-0.1468426655623658
-0.14520735389866388
-0.14365342810316759
-0.14256428649026787
-0.142198343302966
-0.14261974542126063
-0.1436812956689972
-0.14506412821593861
-0.1463634420689448
-0.14719724151642596
-0.14730887295705103
-0.14663583479104864
-0.14532641216192
-0.14369970944452018
-0.14215985259363445
-0.14108742942920274
-0.14073732972566236
-0.14117040720901228
-0.14223728511776598
-0.14361861448000937
-0.14491093524175272
-0.14573505541095508
-0.1458378350056608
-0.14516005366419818
-0.143852166416048
-0.14223375597600466
-0.1407076088220356
-0.1396515164704484
-0.1393168665466514
-0.13976124408626187
-0.14083311280957508
-0.1422126509247626
-0.14349773715902547
-0.14431196920636608
-0.14440569856642466
-0.1437229617975021
-0.14241636380620368
-0.1408059552699102
-0.1392931851813051
-0.13825306254281025
-0.1379334947013192
-0.13838882208936928
-0.13946536877370105
-0.14084285048914552
-0.14212048283218187
-0.14292463955011925
-0.14300914193543776
-0.14232125952619876
-0.14101572730433237
-0.13941305351499286
-0.13791335142147843
-0.13688886091296
-0.13658403049077503
-0.13704997970347843
-0.13813091262855437
-0.1395060928952307
-0.14077607129346428
-0.14156998437964394
-0.1416451019868974
-0.14095190306183736
-0.13964723306371726
-0.13805204739614665
-0.1365651251217848
-0.13555595003946133
-0.1352655328117116
-0.13574179546207552
-0.136826841545318
-0.1381994929700676
-0.13946163427149708
-0.1402451519469774
-0.1403107435430759
-0.13961207420381946
-0.1383080804682214
-0.13672015447733551
-0.1352457424027907
-0.13425158460930328
-0.13397527451215538
-0.13446155961666048
-0.13555046222650827
-0.13692037292883297
-0.13817450877455575
-0.13894749369892626
-0.1390034325478603
-0.1382991538034975
-0.1369956658838871
-0.1354147872373276
-0.13395263224253387
-0.1329732101302568
-0.13271071725578393
-0.13320674926869389
-0.13429926630124772
-0.13566623802933664
-0.13691221300105622
-0.13767454044030347
-0.13772071248049267
-0.13701069842569977
-0.1357075595658164
-0.13413353021928112
-0.13268339386574024
-0.13171844055655482
-0.13146948938020425
-0.13197500645670768
-0.1330709086375272
-0.13443475510610753
-0.1356724250926251
-0.1364239813035369
-0.13646028353929804
-0.13574441974491605
-0.13444148526485364
-0.1328741198456576
-0.13143577676458665
-0.13048503851232043
-0.13024936632014403
-0.13076411877597405
-0.13186318815520795
-0.13322373357396897
-0.13445296432542567
-0.13519364512588183
-0.13521998420317052
-0.13449816628931896
-0.1331953021525543
-0.1316344265224832
-0.13020766298010625
-0.1292708977480206
-0.1290482532361199
-0.12957200217655437
-0.13067403079076384
-0.13203110855685374
-0.13325177440124952
-0.13398148390071762
-0.13399777484169983
-0.13326990720863155
-0.13196698874561494
-0.13041243871897115
-0.12899705133525557
-0.1280740275248074
-0.12786416954783378
-0.12839668564348036
-0.1295014743219006
-0.13085492585464667
-0.13206690855466838
-0.13278555802379713
-0.13279172309934814
-0.1320577177951414
-0.1307546285628301
-0.12920624875923672
-0.1278020433602384
-0.12689253867183797
-0.12669523512157724
-0.12723629751207113
-0.12834365480851775
-0.1296933285082012
-0.1308965162404513
-0.13160402310178132
-0.13159999082428914
-0.13085976653225348
-0.12955639729258062
-0.12801404010801581
-0.12662083069526642
-0.12572463110451834
-0.12553965790239957
-0.12608905321213404
-0.1271987944475529
-0.12854454476293883
-0.1297388312046524
-0.1304351181300135
-0.13042082235191702
-0.1296743034833076
-0.12837055128654162
-0.126834075968629
-0.12545168379183705
-0.12456858262841326
-0.12439572281894531
-0.1249532442724242
-0.12606519067523103
-0.12740687726761765
-0.12859216077895197
-0.12927715488125321
-0.1292525339879212
-0.12849964986848564
-0.12719541723021976
-0.1256646890466956
-0.12429294176918154
-0.12342273888707214
-0.12326178182186714
-0.1238272284482664
-0.12494120638256073
-0.12627869337671316
-0.12745487626871743
-0.12812850837926526
-0.12809350456667357
-0.12733418870797666
-0.12602938287069104
-0.1245042723624071
-0.12314300331054444
-0.12228550434183251
-0.12213624494611786
-0.12270942086508019
-0.12382526113933538
-0.1251584164535672
-0.12632540433491043
-0.12698760835875456
-0.12694216698925945
-0.1261763564382143
-0.12487088871113933
-0.1233512710230991
-0.12200031851376106
-0.12115533419988891
-0.12101757231572512
-0.12159828609933522
-0.12271582335003944
-0.12404451810084594
-0.12520221929836592
-0.12585293164334213
-0.1257970006751543
-0.12502463543720224
-0.12371842061020204
-0.1222041748971036
-0.12086338163924835
-0.1200307272362407
-0.11990426703926133
-0.12049233114663448
-0.12161140329420295
-0.12293551127239312
-0.12408383632288861
-0.12472299539987328
-0.12465652488787834
-0.12387754742219054
-0.12257050325194305
-0.12106151215615896
-0.1197307247253733
-0.11891021948197966
-0.11879486897087442
-0.1193900992552807
-0.12051054703166275
-0.12182994425016021
-0.12296880546369945
-0.12359635125854257
-0.12351929292724728
-0.12273364771444424
-0.1214256944840106
-0.11992184368754635
-0.11860091207496795
-0.1177923787852267
-0.11768794934560971
-0.11829016463574679
-0.11941183118664381
-0.12072639550247324
-0.12185570660015432
-0.12247158032043393
-0.12238388721240272
-0.12159152039878235
-0.12028258055427549
-0.11878375840906454
-0.11747253564911413
-0.11667580028450995
-0.11658210633265642
-0.11719112809409292
-0.11831385866102351
-0.11962346947769688
-0.12074314531027036
-0.12134728911358462
-0.12124891532054388
-0.12044977444589312
-0.11913977231837672
-0.1176458695624266
-0.11634421144779553
-0.1155591028773658
-0.11547596159265194
-0.11609161367848649
-0.11721525537080156
-0.11851979343129858
-0.11962974978902922
-0.12022210660387589
-0.12011300709134223
-0.11930704091211078
-0.11799590253616157
-0.11650681210840559
-0.11521457700494611
-0.11444092681668398
-0.11436815797648345
-0.11499026648141542
-0.1161146681527885
-0.1174140154379862
-0.11851416896761724
-0.11909468242260376
-0.11897481296510413
-0.11816197138990936
-0.11684962443672381
-0.11536524140833572
-0.11408229018861925
-0.11331993263127782
-0.11325735856787139
-0.11388575180608058
-0.11501076405627565
-0.1163048038105227
-0.1173950720610086
-0.11796368654528266
-0.11783300379499943
-0.11701323795627518
-0.11569961180578066
-0.11421983345324684
-0.11294602957436257
-0.11219480164621726
-0.11214224735314908
-0.1127767559877747
-0.113902231318638
-0.11519084823187445
-0.11627114985957074
-0.1168278107455037
-0.11668627246637377
-0.11585953496113911
-0.11454456094648337
-0.11306928700083921
-0.11180449676207754
-0.11106423848292571
-0.11102153190795312
-0.11166198927064083
-0.11278778243514072
-0.1140708630218472
-0.11514111819606583
-0.11568577226641634
-0.11553333777723926
-0.11469958312093814
-0.11338319499130377
-0.11191232811006958
-0.11065642113809805
-0.1099269760533794
-0.10989394862820381
-0.11054019127990304
-0.11166615987754475
-0.11294359310645743
-0.11400372417113672
-0.1145363203076548
-0.11437295119204936
-0.11353213654575918
-0.11221427120802822
-0.1107477177328455
-0.10950056775858567
-0.10878178374174936
-0.10875827121604362
-0.10941013981854705
-0.11053614520743064
-0.11180782345508528
-0.11285775592080446
-0.11337824613053048
-0.11320390729236346
-0.11235599354296999
-0.11103659216510725
-0.10957426324887924
-0.1083357492625847
-0.10762747970371789
-0.10761332337417613
-0.10827066396504789
-0.10939657258643004
-0.11066239301160627
-0.1117020569782951
-0.11221039786000468
-0.1120250590290995
-0.11117001233052548
-0.10984902191640826
-0.10839083513320334
-0.10716084303342156
-0.10646294853324956
-0.10645799698934544
-0.1071206627852082
-0.1082463480281027
-0.10950621449884841
-0.1105355466432544
-0.11103170143214525
-0.11083533926171897
-0.10997313318167028
-0.10865050876631495
-0.10719639035627727
-0.10597481524878281
-0.10528716597804971
-0.10529127752842421
-0.105959131424828
-0.10708447620327276
-0.10833830195311303
-0.10935724826281623
-0.1098411896391735
-0.10963379058560285
-0.10876440905399938
-0.10744011671924907
-0.10599000467418326
-0.10477675403197706
-0.10409923297227071
-0.10411227897405663
-0.10478519696948208
-0.1059100972460946
-0.10715780849905394
-0.1081663279985729
-0.10863804191263131
-0.10841960615642604
-0.10754304748001216
-0.10621706846363015
-0.1047709167325851
-0.10356591470336353
-0.10289842206387156
-0.10292029145635842
-0.10359816731018964
-0.10472253688371594
-0.10596407777434828
-0.1069621475781314
-0.10742163843483309
-0.1071921851951337
-0.10630846750114782
-0.1049808037701056
-0.10353858796622324
-0.10234178121904475
-0.10168424043091581
-0.10171484588645793
-0.10239759743456471
-0.10352137442650354
-0.10475671366183205
-0.10574433581291492
-0.10619163348748253
-0.10595120821424311
-0.10506037681942036
-0.10373105861821488
-0.10229278375129436
-0.10110414940069869
-0.10045651524218378
-0.10049580150242689
-0.10118337921411247
-0.10230653485430347
-0.10353567473344517
-0.10451288546105787
-0.10494805479610791
-0.1046967389083393
-0.10379887630049663
-0.1024679723804468
-0.10103368334063907
-0.09985323969426471
-0.09921550931337716
-0.09926346449912472
-0.09995586308562664
-0.10107841362962598
-0.10230140227813297
-0.10326828455448957
-0.1036914382442232
-0.10342936234525275
-0.10252460173502208
-0.10119223324917603
-0.09976202905476768
-0.09858985022590237
-0.0979620781320003
-0.09801874912861153
-0.09871602333708893
-0.09983804628185643
-0.10105499430043167
-0.10201169493211812
-0.10242301106394323
-0.10215037294174562
-0.1012389167299886
-0.09990527617874045
-0.09847932941336451
-0.09731556526607905
-0.09669788380088835
-0.09676339727453302
-0.09746568346849593
-0.09858733971494647
-0.0997984429402467
-0.10074519594150795
-0.10114494199573851
-0.10086203126173747
-0.09994417633218036
-0.09860955352633455
-0.09718813699175138
-0.0960330405054794
-0.09542568794391235
-0.09550027920402622
-0.09620782501308811
-0.09732938932787868
-0.0985349601295703
-0.0994721188767707
-0.09986068475909309
-0.09956791678030254
-0.09864408935403184
-0.09730890721647409
-0.09589243070963488
-0.09474639576261315
-0.09414975513601413
-0.09423380803347994
-0.0949470133619729
-0.09606891653135541
-0.0972694271453863
-0.09819750892241513
-0.09857545275430409
-0.09827341572195522
-0.09734421973891733
-0.09600908403708722
-0.09459814547450583
-0.09346175940457574
-0.09287641254543089
-0.09297051505059922
-0.0936899892392523
-0.09481287686520509
-0.0960090198741536
-0.09692876808705932
-0.09729688020452341
-0.09698640096806656
-0.09605268581045101
-0.09471845482579133
-0.09331391192025262
-0.09218802927398714
-0.09161483270621841
-0.09171985501199245
-0.09244649722723675
-0.09357131247719824
-0.09476408599562545
-0.09567655786892279
-0.09603595110682124
-0.09571818812530805
-0.09478114431820192
-0.093449027383237
-0.09205209910919854
-0.09093794613286722
-0.09037813869039313
-0.09049534406432111
-0.09123045749322335
-0.09235855874957367
-0.09354938764167274
-0.09445607912000352
-0.09480831751629837
-0.09448489348792168
-0.09354618938178375
-0.09221788774925735
-0.09083029953946499
-0.08972962385056893
-0.08918498097833247
-0.08931618485390061
-0.09006164075159594
-0.09119497078573943
-0.09238588114124582
-0.09328890684710846
-0.09363619126746138
-0.09330938461288597
-0.09237136392529006
-0.0910492745770714
-0.08967346861676877
-0.08858875621278187
-0.08806181392854072
-0.08820961506830532
-0.08896809137981429
-0.09010942369883755
-0.0913032971786171
-0.09220565303995663
-0.09255109238055477
-0.09222411732480722
-0.09129008841811771
-0.08997760286893368
-0.08861704677156447
-0.0875518409380759
-0.08704622534976895
-0.08721434636412681
-0.08798967965175183
-0.08914298225659592
-0.09034393211930941
-0.09124988411807373
-0.09159789724679883
-0.09127531944262408
-0.09034998513957075
-0.08905193397761309
-0.08771158060642886
-0.08667095760102335
-0.0861918770596187
-0.08638567366046458
-0.08718338611655703
-0.0883543669580689
-0.08956830267103828
-0.09048397134872917
-0.09084089227519107
-0.09052925544015314
-0.08961936196526064
-0.08834268697233941
-0.08702967065330905
-0.08602096096645367
-0.08557595337219918
-0.08580318876653893
-0.08663129078060985
-0.08782822963332082
-0.08906371923355064
-0.08999797377101587
-0.09037297872981626
-0.09008176607442404
-0.08919710022904724
-0.08795188876837474
-0.08667659842435722
-0.0857105002643086
-0.08531058858075996
-0.08558263276838127
-0.08645286784311575
-0.08768790875617971
-0.08895752083983727
-0.08992337267908647
-0.09032992757383125
-0.09007306535875784
-0.08922801658952585
-0.08802912469728957
-0.08680689059384514
-0.08589922304325977
-0.08556073775281756
-0.08589446230624749
-0.0868242773302653
-0.08811547771222547
-0.08943791280743907
-0.0904547329542813
-0.090912900406399
-0.09071115873821406
-0.08992721787559735
-0.08879687134349741
-0.08765067313369843
-0.0868251960035304
-0.08657271185632893
-0.08699354890251025
-0.08800928096696714
-0.08938393211609924
-0.09078748309796865
-0.09188460889964437
-0.09242480819060665
-0.09230972127277416
-0.09161956859601174
-0.09059162673718472
-0.08955654121737683
-0.08884959550470871
-0.08872077383789503
-0.08926776986698055
-0.09040992168607269
-0.09191005646510955
-0.09343835967467176
-0.09466110115082503
-0.09533038214250374
-0.09535080280523485
-0.09480515688111743
-0.09393227009303527
-0.09306295266127633
-0.09253128187126156
-0.09258504860077013
-0.09331941681882183
-0.09465160206497332
-0.0963433528206657
-0.09806517920369183
-0.09948506512767201
-0.10035783215571134
-0.1005911576407291
-0.10027052835220872
-0.09963644508414539
-0.09902001875315283
-0.09875426955114326
-0.09908495861983521
-0.10010489799225679
-0.10172937046011765
-0.10371924464564329
-0.10574556007389453
-0.10747822322946679
-0.10867498762681241
-0.10924682390320634
-0.10928213538236928
-0.10902333291455582
-0.10880207868109627
-0.10895060521861272
-0.10971293398017312
-0.11117983562037388
-0.11326498952426904
-0.11572872987624741
-0.11824298434965734
-0.12047995218438026
-0.12220070019098926
-0.12331988639934424
-0.12392924083992153
-0.12427351492621753
-0.12468537738744187
-0.12549675675566666
-0.1269504488601742
-0.12913572765887138
-0.13196524298398893
-0.13519939515098042
-0.1385116246993501
-0.1415770707407816
-0.14416078266267127
-0.14618179889332691
-0.14773589604371182
-0.14907091689841748
-0.15052132253574135
-0.15241956137100218
-0.155008066968628
-0.15837551876508227
-0.1624344754883904
-0.16694637446513214
-0.17158716811887986
-0.17603595871469788
-0.1800628229453813
-0.18359224427397203
-0.1867251298913238
-0.18971351703304543
-0.19289478025044496
-0.19660302415837191
-0.20108146604220353
-0.20641933780913
-0.21253024328222872
-0.21917776768654615
-0.22604144433481604
-0.23280534781801387
-0.23924551257606733
-0.24529269896980918
-0.2510536567424468
-0.256785185909334
-0.26282797171133143
-0.26951796855640525
-0.27709912873399817
-0.28566089998898303
-0.29511725390055665
-0.30523284574989423
-0.3156892450503592
-0.32617341482768614
-0.3364646461794071
-0.34649657449705357
-0.3563775999594011
-0.3663642070395845
-0.37679432404703334
-0.3879985875974102
-0.4002132993007867
-0.41351839425223136
-0.42781701107031034
-0.44286207084822743
-0.4583226421266819
-0.4738721833007382
-0.4892748818043974
-0.5044468263806262
-0.5194755139013053
-0.5345923868684944
-0.5501057143799962
-0.5663117796563742
-0.5834081621216776
-0.6014323392406921
-0.6202420364629733
-0.6395425503270238
-0.6589536702589207
-0.6780982128725839
-0.6966884075406151
-0.714586982559085
-0.7318266307761072
-0.7485827453167211
-0.7651068969069348
-0.7816390943963686
-0.7983225905513022
-0.8151443304168472
-0.8319172691072744
-0.8483095558068323
-0.8639130072611605
-0.8783327532025074
-0.8912742572441307
-0.9026046227154456
-0.9123719917737052
-0.9207780833234028
-0.9281114721506898
-0.9346597165460158
-0.940624075350241
-0.9460598079544779
-0.950858126718895
-0.9547746336795286
-0.9574965431454553
-0.9587305357337875
-0.9582875161051211
-0.9561413522810499
-0.9524456412834164
-0.947503801474757
-0.9417003125422374
-0.9354113467366473
-0.9289185611910157
-0.9223489679745328
-0.9156567965508076
-0.9086519941028327
-0.9010674996145837
-0.8926470365753869
-0.8832296855978177
-0.87280839226558
-0.861546594233524
-0.8497484248064764
-0.8377904386518894
-0.8260331544474445
-0.8147361403504931
-0.8039994241598051
-0.7937469464656357
-0.7837564908621794
-0.7737280522106569
-0.7633722920859286
-0.7524953485416173
-0.7410572590374906
-0.7291883525266991
-0.7171592615442176
-0.7053126632515226
-0.6939751339601787
-0.6833728360537678
-0.6735737186578694
-0.6644717847013267
-0.6558176736482244
-0.6472873680964124
-0.6385705951064304
-0.6294552081037421
-0.6198849202220754
-0.6099749216282034
-0.5999812265088972
-0.5902320205793733
-0.581039480089239
-0.5726157698691967
-0.5650157963103162
-0.558122097250058
-0.5516759284164966
-0.5453461972681423
-0.5388177324766801
-0.5318751893655697
-0.5244600699633504
-0.5166855624848785
-0.5088052365142187
-0.5011440225721498
-0.49401002979724606
-0.48761089479379843
-0.481997129711024
-0.47704767928884145
-0.4725015560515486
-0.46802704682896784
-0.46330989622753443
-0.45813678184163775
-0.45245166746490373
-0.4463699108803672
-0.44014635228094756
-0.4341059688295619
-0.42855573086137116
-0.4237013375524277
-0.4195911919665873
-0.41610265314387396
-0.4129742445609307
-0.4098751554036849
-0.4064933586385299
-0.40261867597410284
-0.3981984840363943
-0.3933511101115192
-0.38833333287082666
-0.38347072971671137
-0.3790695872646744
-0.3753340369648542
-0.372310667387572
-0.36987547897755746
-0.36776667138476676
-0.36565444397561764
-0.36322905283223134
-0.36028347041086206
-0.35676845065651813
-0.35280521965714967
-0.348652396139581
-0.34463603881640187
-0.3410616172849024
-0.33813155200197065
-0.3358904661679668
-0.3342128436094097
-0.33283639410820265
-0.33143215178362656
-0.3296924700559201
-0.32741327616863125
-0.32454849690814414
-0.3212220472468573
-0.31769417459244265
-0.31429121023103296
-0.31131760399553976
-0.30897387051272585
-0.307302480836899
-0.3061762219566624
-0.3053321374954091
-0.30444192102603995
-0.30319984662670235
-0.30140461716996014
-0.2990131511785352
-0.29615187152354955
-0.2930824765115798
-0.2901313987314492
-0.28760190615708886
-0.2856924559919291
-0.28444322569036046
-0.2837251721400275
-0.28327454471737457
-0.2827635702511833
-0.2818883164875568
-0.28045013276662284
-0.2784087982915684
-0.27589311272123185
-0.2731660969848393
-0.2705541626772259
-0.26835928213341415
-0.26677775109852053
-0.2658473587051592
-0.2654371443318731
-0.26528247995815785
-0.2650560434584195
-0.2644556122576487
-0.2632850949790451
-0.2615070413646944
-0.2592525365675787
-0.25678583455656584
-0.2544332411915847
-0.25249535580918214
-0.25116624396322146
-0.2504812459560913
-0.2503074294098249
-0.2503792379011752
-0.2503697492985931
-0.24997839691103568
-0.2490115907014525
-0.2474345891017226
-0.24538069880924088
-0.24311534364913231
-0.24096466447268672
-0.2392278348155639
-0.23809664498917082
-0.2376039488058591
-0.2376148099459807
-0.2378627138976651
-0.23802110808498408
-0.2377910478381769
-0.23698140578153934
-0.23556010578967412
-0.23366263009510602
-0.23155552647701463
-0.22956472813515005
-0.2279879460022848
-0.227014665495899
-0.22667523111543494
-0.22683268472898557
-0.22721953788066984
-0.22750959048836242
-0.227405498982876
-0.22671857248570915
-0.2254193691532516
-0.22364551239610564
-0.2216646392598935
-0.21980244343037178
-0.21835514679440823
-0.217509910185063
-0.21729455555985733
-0.21757009436512625
-0.21806805730515477
-0.21846258841194874
-0.2184579327129834
-0.21786781781779246
-0.21666541288857918
-0.21499045576231382
-0.21311164538025013
-0.21135441107778785
-0.21001346599669873
-0.20927363317415432
-0.2091602050376143
-0.2095321600334936
-0.2101200469787529
-0.21059835132432464
-0.2106728997202927
-0.2101598256271344
-0.20903489114204798
-0.2074399268002777
-0.205644670897978
-0.20397426821555945
-0.20272190788770705
-0.20207006620264345
-0.2020415031706384
-0.20249316562984823
-0.2031546233241676
-0.20370070419771488
-0.20383881323247866
-0.20338748069531234
-0.2023250470368251
-0.20079541713221524
-0.1990693493284559
-0.19747168674200688
-0.1962940821962826
-0.1957166591093505
-0.19575964491385117
-0.19627795887541424
-0.1970001970619491
-0.19760153352067278
-0.1977909507670666
-0.19738936927301093
-0.19637769564087604
-0.19490189302725242
-0.1932337227300276
-0.1916977111932949
-0.19058396462277183
-0.190070249351349
-0.1901742619066334
-0.1907488997993908
-0.19152179256853727
-0.19216846570524193
-0.19239948017454928
-0.1920381417434204
-0.19106791261799597
-0.18963679977583012
-0.1880175518928684
-0.18653436517902136
-0.18547579028266564
-0.18501723353369973
-0.18517386347227605
-0.18579656288523602
-0.18661200312984
-0.1872960676804555
-0.18756089806756607
-0.18723218163601849
-0.1862959268188455
-0.18490217108594276
-0.18332463599438115
-0.18188717496937798
-0.1808767751086893
-0.18046648071211524
-0.18066893610226062
-0.18133301720626888
-0.1821844463791358
-0.18289947245987645
-0.1831918205134803
-0.18288955660289338
-0.18198122685730192
-0.18061888672700774
-0.17907721692505388
-0.17767971625827422
-0.17671180094245215
-0.17634415183641858
-0.17658689340131817
-0.17728690314484968
-0.17816896418117506
-0.17890969869470075
-0.1792244188718219
-0.17894356726190982
-0.17805821978326694
-0.1767224379559062
-0.175211848486736
-0.17384958424584696
-0.17291948370268947
-0.17258986329182546
-0.17286833237314564
-0.17359977887384492
-0.17450805683931025
-0.17527017021177674
-0.17560302234088873
-0.17533943050017628
-0.1744729929595087
-0.17315976584956375
-0.17167630912693257
-0.17034537878174258
-0.16944922900444687
-0.169153811118712
-0.16946422442064354
-0.17022337637177967
-0.17115420241116164
-0.17193409696668188
-0.17228155893328964
-0.1720317789048647
-0.17118087042606384
-0.16988687312527526
-0.16842726778068062
-0.1671244228354667
-0.16625900190479964
-0.16599459071968348
-0.16633378373786584
-0.16711751725933102
-0.1680678187853342
-0.16886248218945774
-0.16922160655401308
-0.16898275466796478
-0.16814454855757102
-0.16686700050700284
-0.16542849993067887
-0.16415101726415085
-0.163313619419443
-0.16307752619228907
-0.16344283255236758
-0.16424851306967986
-0.16521569812202172
-0.1660225901620732
-0.16639089330280027
-0.16616054162497168
-0.16533265907078998
-0.16406921995456708
-0.16264951033215067
-0.16139509232574706
-0.1605834301362158
-0.1603733773735876
-0.1607625349487921
-0.16158792521679147
-0.16256979234869245
-0.1633867566399673
-0.16376213223687122
-0.16353822378853236
-0.16271865077423478
-0.16146733908937594
-0.16006445958797985
-0.15883115589159888
-0.1580432835657615
-0.15785732984238246
-0.1582684070492794
-0.15911159489240229
-0.16010626232354946
-0.16093145684404866
-0.1613121077640295
-0.16109288972697644
-0.16027991152651438
-0.15903904033714852
-0.157651320091034
-0.15643746581222157
-0.1556717185648476
-0.1555081990432522
-0.1559395364899159
-0.15679887755539668
-0.1578047270071963
-0.15863656899151046
-0.1590209532180947
-0.1588049238768927
-0.15799707298685298
-0.15676519882418302
-0.1553912067808972
-0.15419537325701657
-0.153450318987679
-0.153307797984744
-0.15375796190740648
-0.15463203395488906
-0.15564766577578995
-0.15648478765917814
-0.1568715750377625
-0.1566574413089732
-0.155853455744294
-0.15462933765223244
-0.15326784235159766
-0.15208879764678826
-0.15136319814029153
-0.1512404310173724
-0.15170817584734314
-0.1525957419795085
-0.15361993902685628
-0.15446115296519658
-0.15484919034829275
-0.15463583353744118
-0.15383462318697494
-0.15261718966296972
-0.15126712675110832
-0.15010380373156507
-0.14939658328347677
-0.14929248561196914
-0.1497767236713396
-0.15067670255066043
-0.15170840091857676
-0.15255267001792394
-0.15294095298596697
-0.1527274009896551
-0.15192802028915472
-0.1507163424180611
-0.14937678823219305
-0.1482282585929333
-0.14753847846999366
-0.14745210091777483
-0.1479518777246054
-0.14886331928994936
-0.1499015844305405
-0.15074799926531546
-0.1511356490343796
-0.15092105362937505
-0.15012267922361422
-0.14891594870493532
-0.1475860986582333
-0.14645155165841048
-0.14577838917810523
-0.14570889692720637
-0.1462233709461187
-0.14714543649107384
-0.1481894436150492
-0.14903720294535863
-0.14942344739503227
-0.14920706557020308
-0.14840897794291455
-0.1472064890120909
-0.14588563980013464
-0.14476436474947232
-0.14410709604111957
-0.14405375181948227
-0.144582177759836
-0.1455141234934728
-0.14656314138932594
-0.1474115362343107
-0.14779569423054761
-0.14757687275425801
-0.14677844103449916
-0.1455795755032988
-0.14426711037377662
-0.14315848212674986
-0.14251646784667713
-0.14247861786082863
-0.1430203328240587
-0.14396149622986934
-0.14501487383171657
-0.14586327424279533
-0.14624474261281675
-0.14602290520534922
-0.14522357453326928
-0.1440277893445178
-0.14272316583692765
-0.14162663271405387
-0.1409993061455373
-0.14097636835658298
-0.1415307802859874
-0.14248056874365442
-0.14353772392239852
-0.1443855679414361
-0.1447638105957494
-0.14453844721206838
-0.14373772817877611
-0.14254454499995015
-0.14124728468935036
-0.14016235836864607
-0.13954921545826016
-0.13954066976150298
-0.14010724776363112
-0.14106512901039536
-0.142125539173755
-0.14297232356957865
-0.14334686237290153
-0.14311752020485252
-0.14231497998306017
-0.1411239764622092
-0.1398336563381963
-0.13875990335422156
-0.13816049432966496
-0.13816587428958033
-0.13874414048520278
-0.13970963458197222
-0.1407728287542756
-0.1416181012148814
-0.14198850828843412
-0.14175478417524603
-0.14095003903539421
-0.13976084142042638
-0.13847708660690336
-0.13741412116951593
-0.1368280434555825
-0.13684692931812462
-0.13743645194997586
-0.1384091244839061
-0.1394746766027734
-0.14031802912466115
-0.14068392032719135
-0.14044545432565836
-0.13963816329325712
-0.13845044017421607
-0.13717291775476748
-0.13612039565595058
-0.13554728786162948
-0.13557930062072285
-0.13617968819922208
-0.13715914450791802
-0.1382266677264996
-0.13906773099428665
-0.13942876037715107
-0.13918523029127905
-0.13837508974873566
-0.1371885467303891
-0.1359169604896025
-0.1348745739120126
-0.13431411070562022
-0.13435890704424727
-0.13496980335402273
-0.13595568359773658
-0.13702482542190722
-0.13786326400992868
-0.1382191190823635
-0.13797023579037115
-0.13715697486473577
-0.13597135001261654
-0.13470543593937856
-0.1336729090158687
-0.13312479673950117
-0.13318206469919705
-0.13380314452345649
-0.13479511946406497
-0.13586555758616428
-0.1367010658461949
-0.13705146351623534
-0.13679696696368196
-0.13598034357010683
-0.1347954035032557
-0.13353492593123895
-0.1325120109318466
-0.13197598383488515
-0.13204543909480118
-0.13267640454044538
-0.1336741719124592
-0.1347456106281699
-0.13557790915206286
-0.1359225922341073
-0.13566224798519194
-0.13484204542092804
-0.1336575819470612
-0.13240233022978057
-0.13138880427614585
-0.1308646212679212
-0.13094600393633699
-0.13158658126372175
-0.13258986264305858
-0.13366202975898014
-0.13449086232499283
-0.1348295965240869
-0.13456319278315151
-0.13373921678487521
-0.1325550439925204
-0.13130482962926365
-0.13030049185310227
-0.1297879336940652
-0.1298810055316886
-0.13053094241074842
-0.13153948050358974
-0.1326121246592423
-0.13343725558658892
-0.13376982688559644
-0.13349717191587596
-0.1326692481090217
-0.13148519984616677
-0.1302398539888513
-0.12924452306678647
-0.12874338993051995
-0.1288479319397451
-0.12950699506691818
-0.13052055135446733
-0.13159343969513299
-0.13241465154521295
-0.1327408639335406
-0.13246178381281554
-0.13162975549322403
-0.13044568317391309
-0.12920505445793679
-0.12821856646542237
-0.1277286758156751
-0.12784448614105767
-0.12851245916287324
-0.12953081184898313
-0.13060372799730058
-0.1314208195692693
-0.1317404930624136
-0.1314548297256223
-0.13061855592442662
-0.12943432661489884
-0.1281982792654564
-0.12722048580310946
-0.12674167053964652
-0.12686856263314247
-0.12754524433169856
-0.12856818654847302
-0.12964092883086867
-0.13045371340897327
-0.13076668231608882
-0.13047429184298776
-0.12963364563321866
-0.1284491403767354
-0.12721755255112568
-0.1262483191037128
-0.1257804259379527
-0.12591822695124852
-0.12660342965346844
-0.1276307678881251
-0.12870314777954123
-0.12951145159557367
-0.12981756299996058
-0.12951831411263132
-0.12867318112331289
-0.1274882934697701
-0.1262610558016802
-0.1253002602969351
-0.12484314832461878
-0.1249916976961917
-0.12568524587539714
-0.12671679858694399
-0.12778863934286633
-0.1285923002239455
-0.1288914126460902
-0.12858518538696634
-0.12773546249528975
-0.1265500972068167
-0.1253271115248629
-0.1243746430637136
-0.12392818250749502
-0.12408733071714403
-0.12478905976028981
-0.12582465615965818
-0.12689579160958994
-0.1276946577852541
-0.12798664000338203
-0.12767332456890787
-0.12681891874616508
-0.12563299065467118
-0.12441416885054155
-0.1234699265860959
-0.1230339976845006
-0.12320360515277723
-0.1239133602704799
-0.12495283924186112
-0.12602311272248085
-0.1268170417695578
-0.12710177177633653
-0.126781267484994
-0.1259220947754432
-0.12473552777138237
-0.12352079079809711
-0.1225846829426517
-0.12215917496580406
-0.122339111078595
-0.12305674633912583
-0.12409995548362601
-0.125169218892572
-0.12595807679946158
-0.12623544087671076
-0.12590765525358177
-0.12504363986838643
-0.1238563660035848
-0.12264564298626056
-0.12171758592953201
-0.12130239630505957
-0.12149253854707966
-0.12221791601764198
-0.12326471080319563
-0.12433282375781765
-0.12511648409256762
-0.1253863759881958
-0.12505122395097992
-0.12418229746246842
-0.12299425615167695
-0.12178748359616824
-0.12086740112063148
-0.12046243465508175
-0.12066266783780688
-0.12139565681959716
-0.12244589982324545
-0.12351272891086464
-0.12429107207925576
-0.12455339227377828
-0.12421079540689689
-0.12333689602985676
-0.12214803333891729
-0.12094515442584461
-0.12003297700626067
-0.1196381451901728
-0.11984836076251351
-0.12058883710714506
-0.121642397338039
-0.12270781544576202
-0.1234807280284547
-0.1237353830791656
-0.12338526898493327
-0.12250634093427794
-0.12131660894337612
-0.12011757289671522
-0.1192132370734017
-0.11882845745931035
-0.11904855289032568
-0.11979639838774517
-0.1208531506805895
-0.12191703639486129
-0.12268441055338324
-0.12293131250674207
-0.1225736142238741
-0.1216896071388396
-0.12049896337190692
-0.11930372489276969
-0.11840717270968973
-0.11803236835394854
-0.11826224657875363
-0.11901734840766551
-0.12007717287814436
-0.12113940994545866
-0.12190114288856183
-0.12214020875228566
-0.12177486423366701
-0.12088573266049392
-0.11969413957242171
-0.1185026583301591
-0.11761383682944258
-0.11724893579022269
-0.11748850471149587
-0.11825075494454207
-0.1193135364986683
-0.1203740133399689
-0.12113000684293246
-0.12136115811073037
-0.12098810975278783
-0.12009381267885341
-0.11890123719339855
-0.1177134773671552
-0.11683233813350039
-0.11647727301806941
-0.11672644505621002
-0.11749574021354603
-0.11856136810516724
-0.11961997737715178
-0.12037013734802922
-0.12059329957007012
-0.12021249378810217
-0.11931299422109166
-0.11811940731372166
-0.11693533717800615
-0.11606183592703656
-0.11571654348244151
-0.11597523516875825
-0.11675147581399167
-0.11781984324389674
-0.11887648144230845
-0.1196207175289314
-0.11983581992337149
-0.1194472067667825
-0.1185424713537363
-0.11734784767380327
-0.11616743922334592
-0.1153015354285823
-0.1149659561705749
-0.11523408777842459
-0.1160171781521523
-0.11708818190456062
-0.11814274900370059
-0.1188809742371587
-0.11908794933726494
-0.11869148214060826
-0.11778148082226612
-0.11658579834991502
-0.11540902695892391
-0.11455068351288263
-0.11422476138882602
-0.11450225659807117
-0.11529210428451662
-0.11636564439610914
-0.11741804352109349
-0.11815017399116169
-0.11834895732427642
-0.11794459238943275
-0.11702929808525032
-0.11583253781934254
-0.11465938193125817
-0.11380856483678088
-0.11349224691827774
-0.11377903250959023
-0.11457554813244077
-0.11565152759051038
-0.11670166471793125
-0.11742761927671565
-0.1176181490711244
-0.11720584537727888
-0.11628523369833461
-0.1150873793712486
-0.11391782021541791
-0.11307449830371996
-0.11276773450585534
-0.11306374008088589
-0.11386683702516215
-0.11494516149133348
-0.115992945175286
-0.11671264516619013
-0.11689486208281101
-0.11647458102098301
-0.11554863000687038
-0.11434966782361747
-0.11318368915590539
-0.11234783382830667
-0.11205057665215475
-0.11235573437727228
-0.1131653285340885
-0.11424590609066278
-0.11529124721131057
-0.11600461621981846
-0.11617846310588906
-0.11575016823514235
-0.11481885811254804
-0.11361877651117963
-0.11245636437566267
-0.11162794936613402
-0.1113401536623046
-0.11165439803254952
-0.11247040756410588
-0.11355314848058867
-0.11459596001250408
-0.11530292363692893
-0.11546834529900456
-0.11503200212190852
-0.11409531508218007
-0.11289410451295569
-0.1117352470223513
-0.1109142481789041
-0.11063587092911079
-0.11095913855054583
-0.11178148367339173
-0.11286630019074066
-0.11390649698883042
-0.11460698262825787
-0.11476392562240517
-0.11431950137747306
-0.11337742137106682
-0.11217507409250732
-0.11101976122531206
-0.11020615630754726
-0.10993715642276965
-0.11026938581101821
-0.11109798859500204
-0.11218479472574328
-0.11322229332675436
-0.11391622998441958
-0.11406464242178754
-0.1136121058910632
-0.11266461843687023
-0.11146112832648605
-0.11030935173853185
-0.10950312022987461
-0.10924345836281467
-0.10958458975565427
-0.11041937393703719
-0.11150808527918595
-0.11254280371706596
-0.11323012181727111
-0.11336995318292829
-0.1129092745127984
-0.11195636652075619
-0.1107517288989118
-0.10960348174822192
-0.10880460468102662
-0.10855424305135318
-0.1089042182340607
-0.1097451090412491
-0.11083564260467933
-0.11186750023787914
-0.11254813145507202
-0.11267933243875095
-0.11221048297247924
-0.11125214257770974
-0.11004635404306475
-0.1089016308257274
-0.1081100906178037
-0.10786899284857483
-0.10822775499039879
-0.10907467898047715
-0.1101669530240062
-0.11119587037374645
-0.11186974747185553
-0.11199226980926061
-0.1115152219299835
-0.11055143833716871
-0.10934449661218044
-0.10820329300888214
-0.10741907330971642
-0.10718720427377633
-0.10755469777416814
-0.10840758267920148
-0.10950151655728785
-0.11052741515494213
-0.11119447183649199
-0.11130826815946823
-0.11082299514212618
-0.10985375847898923
-0.10864566226436895
-0.10750797499520473
-0.10673106054131697
-0.10650838621636899
-0.10688455655979137
-0.10774333114157435
-0.10883884515936616
-0.10986164740235992
-0.11052181816507486
-0.11062684186008928
-0.11013331773119939
-0.10915861890969727
-0.107949367746654
-0.10681519443397308
-0.1060455709117592
-0.10583205824298485
-0.10621685186125962
-0.10708144577345947
-0.10817846104909062
-0.10919809006372945
-0.10985131006467794
-0.10994751513815999
-0.10944571454269104
-0.10846554512703839
-0.10725513926627184
-0.10612447830414735
-0.10536213221934863
-0.10515774898855848
-0.105551113129715
-0.10642145678632964
-0.10751989511949862
-0.10853627463004231
-0.10918247955560506
-0.10926982050510715
-0.10875971857912167
-0.10777407065975288
-0.10656251093619575
-0.10543536136569978
-0.10468027991863911
-0.10448499461928502
-0.10488687722180343
-0.10576290167142338
-0.106862685417351
-0.1078757396205092
-0.1085148655616366
-0.10859329725241372
-0.10807486950075663
-0.1070837355731562
-0.10587102328585014
-0.10474738467511512
-0.1039995556408797
-0.10381333735760102
-0.1042236869297573
-0.10510532373406792
-0.10620637568213308
-0.10721602912589584
-0.10784801245773751
-0.1079174900033595
-0.1073907121817574
-0.10639408502965313
-0.10518022182563153
-0.10406009415433631
-0.10331950576688453
-0.10314232405946784
-0.103561089562397
-0.10444827067883891
-0.1055505139350156
-0.10655669140120994
-0.1071814686664586
-0.10724194731325333
-0.10670679531364717
-0.10570466789568672
-0.10448965565743104
-0.10337303920449685
-0.1026396800444176
-0.10247150483485633
-0.10289863556908084
-0.10379129323677617
-0.10489465110913426
-0.10589727749921368
-0.10651478529436585
-0.10656622030861869
-0.1060226700477552
-0.10501503538686706
-0.10379887612254154
-0.10268577135671078
-0.10195963024160179
-0.10180043170396823
-0.10223587719848518
-0.10313394382672274
-0.10423833971346942
-0.10523733993662636
-0.10584751480059114
-0.10588986135812405
-0.10533788866808846
-0.10432473974324107
-0.10310743547915921
-0.10199784295172923
-0.10127890882879512
-0.1011286572812026
-0.10157236718475679
-0.10247577524338984
-0.10358113252298567
-0.10457643138603277
-0.10517920969064146
-0.10521242276806239
-0.10465200328863372
-0.10363333292818316
-0.10241488560292662
-0.10130880584213217
-0.10059706768228989
-0.10045573348054919
-0.1009076574543487
-0.10181633936574871
-0.10292258128820615
-0.10391410338696228
-0.10450942122856095
-0.104533455495736
-0.10396456456795078
-0.10294036534418058
-0.10172077670367086
-0.10061821011031086
-0.09991365680360323
-0.09978121023580869
-0.10024129784723765
-0.10115518587927942
-0.10226223545846976
-0.10324990506989257
-0.10383769816181783
-0.1038525078751501
-0.10327512043543619
-0.10224538455961174
-0.10102465605324999
-0.09992560279670187
-0.0992282230482007
-0.09910463423008402
-0.09957283484723284
-0.10049186100665428
-0.10159964091313033
-0.1025833818878209
-0.10316358545324912
-0.10316912434910182
-0.10258321482385988
-0.10154793404184533
-0.10032606671853626
-0.09923052663335696
-0.09854030885939183
-0.09842554762986858
-0.09890181031598809
-0.09982590624202214
-0.10093433869595153
-0.10191407435069606
-0.10248662301552684
-0.10248284420381344
-0.10188838640369433
-0.10084755189124296
-0.09962454629557296
-0.09853251877784819
-0.09784945100223229
-0.0977434868188099
-0.09822776022684651
-0.09915685708476896
-0.10026586374845788
-0.10124151675864317
-0.10180634444377781
-0.10179320030097952
-0.10119016731508136
-0.10014376957288879
-0.09891962564089851
-0.09783110954431874
-0.09715517929400234
-0.09705798112793937
-0.09755021339461448
-0.09848424176866856
-0.09959374363885111
-0.10056523593017082
-0.10112227574355034
-0.10109971780523258
-0.10048808189438599
-0.09943611064250762
-0.0982108275967118
-0.09712582112791943
-0.09645701532847419
-0.0963685515592486
-0.09686869019853474
-0.09780757998429924
-0.09891749728359435
-0.09988474992313101
-0.10043393405084945
-0.10040191290348913
-0.0997816453930634
-0.09872408946451582
-0.09749766570847343
-0.09641616632203853
-0.09575447119199815
-0.09567470950124958
-0.09618270129718923
-0.09712638159336644
-0.09823663366111085
-0.09919956674765472
-0.09974082634434217
-0.09969929151621386
-0.09907036268793054
-0.09800720992168356
-0.09677964293369969
-0.095701647226051
-0.09504704817098528
-0.09497595543565841
-0.09549174633454467
-0.09644014533396116
-0.09755065051626016
-0.09850918306986274
-0.09904244814832447
-0.09899134799978225
-0.09835372698290029
-0.09728496411599274
-0.09605625034215035
-0.0949817539452357
-0.09433423545108739
-0.09427177763622288
-0.09479531263823827
-0.09574835751834125
-0.09685903305767254
-0.09781308290873546
-0.09833828222910072
-0.09827756384225993
-0.0976312185043628
-0.0965568310638497
-0.09532696581087252
-0.09425596328518825
-0.09361550881146456
-0.09356165086267391
-0.09409287391356215
-0.09505049072687485
-0.09616125265154038
-0.09711073632981035
-0.09762779728854494
-0.09755740635701257
-0.09690230319463769
-0.09582227538946528
-0.0945912527175076
-0.09352373744586902
-0.09289032931910192
-0.09284503505559939
-0.09338388893848382
-0.09434600250345128
-0.09545676551756985
-0.09640159814156282
-0.09691044666112736
-0.09683032738026515
-0.09616643141044476
-0.09508074602409491
-0.09384855864067329
-0.09278452272255172
-0.0921581420309854
-0.0921213740396672
-0.09266780026840332
-0.09363433406172561
-0.09474501143658658
-0.09568510660468317
-0.09618566702459838
-0.09609576198358052
-0.09542303663693961
-0.0943316749221926
-0.09309831407799056
-0.09203774822630877
-0.09141837471684265
-0.09139009424896247
-0.09194403296399278
-0.09291490901541011
-0.09402541248367358
-0.09496068216776328
-0.09545287713892733
-0.0953531272156746
-0.09467153423298819
-0.09357447580977095
-0.09233993119818645
-0.09128282463976249
-0.09067043661885993
-0.09065060349071873
-0.09121199335914977
-0.09218713215090821
-0.09329737180524922
-0.09422772624948868
-0.09471147663290297
-0.09460182089424576
-0.09391132022808227
-0.09280854298706902
-0.09157280264931866
-0.09051914303132119
-0.08991371727211099
-0.08990228977229157
-0.0904710678946767
-0.09145038826758241
-0.09256027246648313
-0.0934856200928773
-0.09396084486635582
-0.09384122047581818
-0.09314177020014393
-0.09203325021451995
-0.09079630045341844
-0.08974607375873636
-0.08914758541731206
-0.08914452022329337
-0.08972062205019872
-0.09070404111988759
-0.09181347640370144
-0.09273372372860353
-0.09320033990398299
-0.09307068204085557
-0.09236223827230516
-0.09124794972151379
-0.09000977502760138
-0.08896296550291409
-0.08837138804786691
-0.08837664015628645
-0.08895999941869723
-0.08994743250622562
-0.0910563235279321
-0.09197137509344344
-0.09242929764953758
-0.09228953944380808
-0.09157205627949686
-0.09045197138973537
-0.08921255438487725
-0.08816914448669208
-0.08758444964700937
-0.08759797232279525
-0.08818852098221752
-0.08917988156455689
-0.09028813104102651
-0.09119788936759754
-0.0916470312045884
-0.09149710369404747
-0.09077053317179473
-0.08964462218023489
-0.08840394358502424
-0.08736391395039873
-0.0867860716888222
-0.08680781644045829
-0.0874054846654581
-0.08840068435338626
-0.08950819304468821
-0.09041255861227113
-0.09085283053551892
-0.09069266265312866
-0.0899569547429091
-0.08882518589334468
-0.0875832245274584
-0.08654655397825946
-0.08597553249897281
-0.08600544908905773
-0.08661016526815049
-0.08760911382127476
-0.08871578054799299
-0.08961465181607609
-0.09004596255989754
-0.08987548116183044
-0.08913058379903224
-0.08799292338063108
-0.08674965620702337
-0.08571632179949364
-0.08515208760202214
-0.08519012410531347
-0.08580181490840412
-0.08680442029982127
-0.0879101420111264
-0.08880341549105497
-0.08922567179580868
-0.0890448017443368
-0.08829066091892297
-0.08714707336252592
-0.08590247559060345
-0.08487245272486746
-0.08431497072017723
-0.08436107364471468
-0.08497966414943486
-0.0859858326968514
-0.08709050460677353
-0.08797807500354281
-0.08839118176373884
-0.08819984608283028
-0.08743640600341784
-0.0862868540539657
-0.08504089932091989
-0.08401416193129789
-0.08346339563956476
-0.0835175101322875
-0.08414292403633072
-0.08515256062130258
-0.08625607643494076
-0.08713783688101617
-0.08754169738827436
-0.08733981751593159
-0.08656702087255086
-0.08541146586320261
-0.08416412651940566
-0.08314064737034504
-0.0825965592279669
-0.08265862939135907
-0.08329078933894024
-0.08430379774265018
-0.08540605000186552
-0.08628189241362166
-0.08667640872402842
-0.08646390489273927
-0.08568169325056237
-0.08452009551069614
-0.0832713430419718
-0.08225109416501662
-0.08171364597515113
-0.08178361533137851
-0.08242244339010624
-0.08343872678351778
-0.08453960737023741
-0.08540942296530776
-0.0857944964324181
-0.08557128821807754
-0.08477960258444223
-0.08361192202462682
-0.08236172765615506
-0.0813446809722346
-0.08081383454531622
-0.08089164669468495
-0.08153706503169988
-0.08255652666900379
-0.08365592751696513
-0.08451960754498619
-0.08489513957073884
-0.08466114666539264
-0.08385992828486304
-0.0826861252160009
-0.08143446075542438
-0.08042058894230086
-0.07989630698768846
-0.07998190652371072
-0.08063383834448194
-0.0816563825256843
-0.08275419660736127
-0.08361163336230254
-0.0839775264360412
-0.0837326697155242
-0.08292186116737771
-0.08174189742875743
-0.08048873642587036
-0.07947801410955825
-0.07896026145863988
-0.07905359522296497
-0.0797119660575088
-0.0807374994466955
-0.08183362212427718
-0.0826847103296209
-0.08304086944905185
-0.0827850724307833
-0.08196461912605596
-0.08077845962298431
-0.07952377894857948
-0.07851618432399533
-0.07800492959275217
-0.07810594837961973
-0.07877068782947162
-0.07979912124463058
-0.08089345210370232
-0.08173809079146352
-0.08208442538912734
-0.08181761620847144
-0.0809874684175851
-0.07979508320206738
-0.07853886518297255
-0.07753438220424493
-0.07702960003913015
-0.07713826089743575
-0.07780930499423586
-0.0788405558234143
-0.07993300114822922
-0.08077109619525197
-0.08110752273798283
-0.0808296368134293
-0.07998975239963678
-0.07879111947406149
-0.07753335476889187
-0.07653197609808066
-0.07603365019916455
-0.07614991953056766
-0.07682721391026952
-0.07786120936307145
-0.07895168546750446
-0.07978315300822438
-0.08010959849483695
-0.07982058211331311
-0.07897093020884687
-0.07776603929569169
-0.07650673076033254
-0.07550846173079276
-0.07501658891407459
-0.07514044663603882
-0.07582395080423368
-0.07686063228185525
-0.07794906998642297
-0.0787738410003097
-0.07909024766266853
-0.07879006279870668
-0.07793062874534384
-0.0767194863530457
-0.07545865423472853
-0.07446351817612598
-0.07397811383222333
-0.07410955897246294
-0.07479925203731255
-0.07583858100675708
-0.076924931657894
-0.07774295813776552
-0.07804928976343771
-0.07773792056042114
-0.07686871255506937
-0.07565134879181816
-0.07438903771602484
-0.07339708311808456
-0.07291818855624523
-0.07305724678105223
-0.07375313516948762
-0.07479510107215287
-0.07587934464816949
-0.0766906079094638
-0.07698685835988295
-0.07666431986421682
-0.07578537791488967
-0.07456185567373597
-0.07329814406366222
-0.0723094542359034
-0.07183714658972387
-0.07198388036050776
-0.07268600823184788
-0.07373063916011349
-0.07481279521791334
-0.07561731712296954
-0.07590352184407126
-0.07556987181061331
-0.07468127984578363
-0.07345170722597653
-0.07218672004488169
-0.07120142618786075
-0.07073583182307466
-0.07089035414909967
-0.07159881750069091
-0.07264619466597742
-0.07372633718103071
-0.07452419536189467
-0.07480044700106535
-0.07445580191583892
-0.07355770422528757
-0.07232225140343121
-0.07105617746764639
-0.07007447643949122
-0.06961578918572363
-0.06977828233286404
-0.07049324819816973
-0.0715435256312229
-0.07262180321426007
-0.0734131518204452
-0.07367962152113114
-0.07332417845988566
-0.07241680213342588
-0.07117572439958882
-0.06990884002887202
-0.06893101862683086
-0.06847952470722787
-0.0686502657928342
-0.06937199851956075
-0.07042543005068876
-0.07150209365011422
-0.0722871917949074
-0.07254415840904911
-0.072178225038696
-0.07126191078093669
-0.07001558019051357
-0.06874828172158644
-0.06777475008168755
-0.06733086242366253
-0.06751025866385918
-0.06823915612426566
-0.06929613258448167
-0.07037157370744501
-0.07115082473942168
-0.07139871518180878
-0.07102275123091953
-0.07009799598216566
-0.0688469451623481
-0.06757979397629374
-0.0666111318577659
-0.06617543767111352
-0.06636407529065527
-0.06710071916233434
-0.06816182007582167
-0.06923662393548716
-0.07001063008534983
-0.07025007552689745
-0.0698647505741693
-0.06893226694404743
-0.06767725022389422
-0.06641103562530194
-0.06544805709241357
-0.06502138440889756
-0.06522009709483145
-0.06596532328728359
-0.06703138933219199
-0.06810640940636463
-0.06887604851033077
-0.06910796333543158
-0.06871423807313333
-0.06777503798442715
-0.06651711749581707
-0.06525294534912013
-0.0642967900234718
-0.06388030164817937
-0.06409026728610807
-0.06484526555064207
-0.06591750113505865
-0.06699396480464209
-0.06776049910572222
-0.06798619298108508
-0.06758543465961739
-0.0666409482809298
-0.06538161649477672
-0.06412103548360583
-0.06317329864966974
-0.06276862623936277
-0.06299150509628147
-0.06375796144942869
-0.06483808151729337
-0.06591774140229517
-0.06668297357005451
-0.06690431230809274
-0.06649846060917652
-0.06555070740992042
-0.06429206355125601
-0.06303724713738972
-0.06210016743585763
-0.06170960512402919
-0.061947739608606736
-0.06272804244050834
-0.06381848514833173
-0.06490383858303628
-0.06567033822652375
-0.06588997758496082
-0.06548178596694576
-0.06453362387700544
-0.063278631177503
-0.06203264323571229
-0.06110937697961322
-0.06073616468454998
-0.06099287197085493
-0.06179041431940262
-0.0628946533109406
-0.06398926498274816
-0.06476070203296468
-0.06498243223603924
-0.0645758240046851
-0.06363131746259075
-0.06238418363066464
-0.06115137180187244
-0.06024639969336181
-0.059895143697398005
-0.06017515068513432
-0.0609947801188194
-0.062117789893495756
-0.06322677328486118
-0.06400841612294306
-0.06423767731463513
-0.06383827906771852
-0.06290325114994577
-0.061669999907457314
-0.060456587295546683
-0.05957632706620514
-0.059253634416399026
-0.05956373474349679
-0.06041243387333837
-0.061561394724998914
-0.06269214244645151
-0.06349161464127905
-0.06373628108275593
-0.06335223546816186
-0.06243511035807806
-0.061224454819469726
-0.06003944553282634
-0.059193190954293505
-0.05890864330627829
-0.05925870745135208
-0.06014664178151671
-0.06133202695339199
-0.06249533883085805
-0.06332378986099946
-0.0635953850674708
-0.06323861219717804
-0.06235172482259221
-0.06117642739221756
-0.06003301882980679
-0.05923440661601711
-0.0590020840825816
-0.05940664259791058
-0.060348805695838864
-0.06158609116120231
-0.06279795142702778
-0.06367190421550155
-0.06398752190739829
-0.06367571694475822
-0.06283739057484972
-0.06171642408842395
-0.06063425532995283
-0.05990360465804451
-0.059744520530735555
-0.060225298232453955
-0.06124414986348725
-0.06255656110070222
-0.06384099873612827
-0.06478532873106436
-0.06517073608042723
-0.0649306023488053
-0.06416851754531123
-0.06313057634138329
-0.06213938793116557
-0.06150751586026792
-0.0614535949333752
-0.06204365976858089
-0.06317345333151937
-0.06459647976157554
-0.06599027880125588
-0.06704312946614789
-0.0675378975694747
-0.06741050230872409
-0.06676728879773498
-0.06585662809614214
-0.06500236090805538
-0.06451695333154966
-0.0646176881986643
-0.06536840683301016
-0.06666245891489413
-0.06825145286819505
-0.06981209703424893
-0.07103318725888688
-0.07169937933567044
-0.0717492416478429
-0.07129198597125835
-0.0705783702421645
-0.06993357668712223
-0.06967008566888079
-0.07000394470713647
-0.07099692697430961
-0.07254012544695287
-0.07438340252598162
-0.07620279798803507
-0.07768779896869797
-0.07862503475583425
-0.07895591266442428
-0.07879270490045845
-0.0783887531776216
-0.07807078207323812
-0.07815149336452391
-0.07884591622225764
-0.08021398623943664
-0.08214478710197413
-0.08438670140174692
-0.08661538568777889
-0.088521321613783
-0.08989343079906907
-0.0906762913975842
-0.09098557909801187
-0.09107757299234277
-0.09128090525537601
-0.09190887868388305
-0.0931759018845667
-0.09514049297254384
-0.09769017233623381
-0.10057231693896353
-0.10346270311182021
-0.10605333792532061
-0.10813599209572232
-0.10965899493080092
-0.11074202772130273
-0.1116449304005935
-0.11269888873199997
-0.11421847779421994
-0.11641818594789158
-0.11935584721511727
-0.12291818848063428
-0.1268523892053123
-0.13083519206335617
-0.1345610128594981
-0.13782538848392814
-0.14058134667530278
-0.1429535485098652
-0.14520639349486236
-0.14767464315690532
-0.1506751904731789
-0.1544236731384069
-0.15897833477617523
-0.1642262253666061
-0.16991546295077709
-0.17572490595931042
-0.18135253270583201
-0.1865987929298529
-0.19142253903214806
-0.1959545031020183
-0.20046468516418792
-0.20529239729210724
-0.2107577421588659
-0.21707829701744957
-0.22431338225560832
-0.23235088940953452
-0.2409402139402186
-0.24976245225719684
-0.25851900734482297
-0.2670147940637954
-0.2752136759950228
-0.2832512155587442
-0.29140127871193716
-0.3000054276429337
-0.30938403089105565
-0.3197529341690993
-0.3311680451887366
-0.3435126901805507
-0.3565311102293604
-0.36989906724196153
-0.38331255271859466
-0.39657071844412456
-0.40963068786038315
-0.42261944883490854
-0.4357995488854667
-0.4494977193587533
-0.46401551355136145
-0.47954587952335126
-0.49611800090501595
-0.5135851529363603
-0.5316587725023518
-0.5499795313499743
-0.5682062646464696
-0.5860988130819959
-0.6035724755871883
-0.6207094034608629
-0.6377238466650161
-0.654890579728987
-0.6724557526706825
-0.6905541661224102
-0.7091552802193973
-0.728052584874136
-0.74689934566578
-0.7652813122387322
-0.7828070719315903
-0.7991920106833071
-0.8143135748234707
-0.8282232470409968
-0.841112284860484
-0.8532406952117678
-0.8648487959234585
-0.8760753896086301
-0.8869047898622635
-0.8971571717296394
-0.9065250533886489
-0.9146462871919544
-0.9211940854160111
-0.9259599783966056
-0.9289074466926155
-0.9301817929836514
-0.9300735253584096
-0.9289449696316681
-0.9271396724088199
-0.9248987544449906
-0.9223064892051075
-0.9192795189111674
-0.9156023900228989
-0.9109996417632289
-0.9052248584103644
-0.8981425377431035
-0.889780559861675
-0.880338945064741
-0.8701523442990954
-0.8596161535820719
-0.8490959401608826
-0.8388443796510364
-0.8289479155151743
-0.8193173961842828
-0.8097251556359437
-0.799878545746655
-0.7895101493108997
-0.7784604291958814
-0.7667306052241343
-0.7544915513718762
-0.7420463245509115
-0.7297563991116188
-0.717951440633965
-0.7068468860020205
-0.696491511464868
-0.6867591244093845
-0.6773866673950387
-0.6680485560234982
-0.6584473344585573
-0.6483963409049172
-0.6378722118479092
-0.627023146845444
-0.6161307332775506
-0.6055356033530761
-0.5955469134210297
-0.5863599867373889
-0.5780042745285692
-0.5703356514712898
-0.5630751548236523
-0.5558837986960142
-0.5484533981551152
-0.5405890279591409
-0.5322609774931152
-0.5236122484101237
-0.5149195779613219
-0.5065184537796548
-0.49871226180857725
-0.4916899777778269
-0.4854745254017468
-0.4799156933431167
-0.474729536966741
-0.46957370316461117
-0.46413846156693117
-0.45822899799656464
-0.4518168637377576
-0.4450467514825507
-0.4381967642786383
-0.4316028363459619
-0.42556759845012004
-0.42027816653145966
-0.41575494393698237
-0.4118452040483263
-0.40826319516664933
-0.4046660121953651
-0.40074486704751944
-0.3963072452034274
-0.39132787486958504
-0.3859548049879022
-0.38046894267454706
-0.3752079026361871
-0.37047461236284557
-0.36645521973811085
-0.3631683598893032
-0.36045942199928704
-0.35804137308025535
-0.35557118915538793
-0.3527413745042224
-0.34936198854459166
-0.34541114060421113
-0.3410403752567976
-0.33653348396176685
-0.33222978978967177
-0.3284325002122422
-0.32532674213182217
-0.322929301684978
-0.32108358257395436
-0.3195011542927435
-0.31783874616811364
-0.31579001664115686
-0.3131674500238818
-0.3099523756464327
-0.306299659481353
-0.30249579000388627
-0.29888159980887
-0.29576036917334136
-0.293315992819022
-0.29156319731378144
-0.29034319495690036
-0.2893659590633011
-0.2882877815693977
-0.28680329116073716
-0.2847272173024807
-0.2820439305880487
